     1.166     0.133     0.119   9.    31.338    12.798     3.140
     1.166     0.133     0.120  27.    26.611    10.059     9.231
     1.166     0.133     0.120  45.    30.765    10.881     7.020
     1.166     0.133     0.120  81.    27.788    11.351     3.681
     1.166     0.133     0.120  99.    24.144    10.620     8.329
     1.166     0.133     0.120 117.    16.711     9.654     1.547
     1.166     0.133     0.120 225.    28.775    12.872    10.762
     1.165     0.133     0.120 243.    20.531    11.854     4.194
     1.166     0.133     0.119 261.    26.627    10.873     3.180
     1.166     0.133     0.120 279.    12.368     7.141     9.495
     1.166     0.133     0.120 297.    35.874    14.645     8.666
     1.166     0.133     0.120 333.    28.505    10.775     8.002
     1.166     0.133     0.119 351.    31.274    11.061    13.563
     1.166     0.133     0.175   9.    36.494    14.903    12.915
     1.166     0.133     0.174  27.    24.446    10.932     6.848
     1.166     0.133     0.175  63.    17.714    10.232     2.605
     1.166     0.133     0.175  81.    24.160     9.864     8.274
     1.166     0.133     0.175 117.    37.656    15.379     5.438
     1.165     0.133     0.174 135.    17.316     9.728     7.250
     1.166     0.133     0.175 153.    25.035    11.198     8.198
     1.166     0.133     0.175 207.    19.783     9.896     4.240
     1.166     0.133     0.175 225.    25.067    12.540     2.524
     1.166     0.133     0.174 261.    26.913    10.990     4.932
     1.165     0.133     0.175 279.    24.605    10.046     7.070
     1.166     0.133     0.174 297.    16.632     9.610     6.274
     1.166     0.133     0.174 315.    37.767    12.594     4.569
     1.165     0.133     0.175 333.    14.198     8.198     6.573
     1.166     0.133     0.175 351.    28.807    12.890     7.598
     1.166     0.133     0.250   9.    26.452     9.355     5.668
     1.166     0.133     0.249  27.    11.695     5.230     2.777
     1.166     0.133     0.250  63.    11.956     5.978     3.271
     1.166     0.133     0.250  81.    18.398     6.135     5.873
     1.166     0.133     0.250  99.    36.287     8.804     4.074
     1.166     0.133     0.249 117.    21.247     8.034     3.166
     1.166     0.133     0.250 135.    30.255     8.738     3.317
     1.166     0.133     0.249 153.    27.295     8.634     2.311
     1.166     0.133     0.249 189.    17.189     7.692     2.258
     1.166     0.133     0.250 207.    12.327     5.512     2.094
     1.166     0.133     0.250 225.    21.788     8.236     7.178
     1.166     0.133     0.250 243.    24.398     8.058     5.276
     1.166     0.133     0.249 261.    25.417     7.337     1.986
     1.166     0.133     0.249 279.    17.666     6.250     5.117
     1.166     0.133     0.250 297.    29.714     8.960     3.458
     1.166     0.133     0.250 315.    20.149     6.716     1.829
     1.166     0.133     0.250 333.    10.924     4.884     1.492
     1.166     0.133     0.249 351.    10.291     5.941     4.878
     1.166     0.133     0.350   9.    18.032     6.817     3.587
     1.166     0.133     0.350  27.    11.392     5.095     1.437
     1.166     0.133     0.350  45.    13.264     5.932     5.647
     1.166     0.133     0.350  63.    34.759     9.643     3.506
     1.166     0.133     0.350  81.    17.268     5.757     1.100
     1.166     0.133     0.349  99.    18.255     6.459     1.810
     1.166     0.133     0.349 117.    26.356     8.785     3.433
     1.166     0.133     0.350 135.    16.950     6.411     2.255
     1.166     0.133     0.350 153.    16.091     6.478     3.365
     1.166     0.133     0.349 171.    23.396     9.556     7.401
     1.166     0.133     0.350 189.    24.589     8.696     3.035
     1.166     0.133     0.350 207.     7.756     4.356     4.090
     1.166     0.133     0.350 225.    19.290     7.880     3.872
     1.166     0.133     0.350 243.     9.234     4.617     0.971
     1.166     0.133     0.350 261.    15.403     5.445     3.337
     1.166     0.133     0.350 279.    18.048     6.381     3.111
     1.166     0.133     0.349 315.    12.241     4.996     2.578
     1.166     0.133     0.349 333.    17.061     6.451     4.686
     1.165     0.133     0.349 351.     9.825     5.672     2.946
     1.166     0.133     0.500   9.    11.758     3.718     0.773
     1.166     0.133     0.500  27.     8.843     2.948     0.530
     1.165     0.133     0.499  45.     9.906     3.301     1.611
     1.166     0.133     0.500  63.    11.311     3.576     2.171
     1.166     0.133     0.500  81.     8.125     2.707     1.789
     1.166     0.133     0.499  99.    14.332     3.829     1.557
     1.166     0.133     0.500 117.    11.489     4.291     1.781
     1.166     0.133     0.499 135.     7.442     2.956     2.629
     1.166     0.133     0.500 153.     9.906     3.743     0.715
     1.166     0.133     0.499 171.    10.226     4.573     2.478
     1.166     0.133     0.500 189.     7.359     3.005     1.222
     1.166     0.133     0.499 207.     3.934     2.209     3.602
     1.166     0.133     0.500 225.    17.873     5.655     2.618
     1.166     0.133     0.499 243.     3.850     2.163     4.566
     1.166     0.133     0.500 261.    25.815     5.064     1.821
     1.166     0.133     0.499 279.    13.450     4.055     0.820
     1.166     0.133     0.500 297.    11.407     3.412     2.163
     1.165     0.133     0.500 315.     5.069     2.040     0.646
     1.166     0.133     0.499 333.     4.940     2.172     1.752
     1.166     0.133     0.500 351.     7.687     3.139     1.770
     1.165     0.133     0.799   9.     3.443     1.148     1.400
     1.166     0.133     0.800  27.     6.826     1.609     0.657
     1.166     0.133     0.800  45.     4.679     1.636     1.321
     1.166     0.133     0.799  63.     6.610     1.821     0.760
     1.166     0.133     0.799  81.     6.780     1.751     0.731
     1.166     0.133     0.799  99.     6.529     2.047     0.774
     1.166     0.133     0.800 117.     6.384     2.107     1.107
     1.166     0.133     0.800 135.     7.698     2.056     1.494
     1.166     0.133     0.800 153.     2.683     1.315     2.024
     1.166     0.133     0.800 171.     5.103     2.026     1.518
     1.166     0.133     0.799 189.     3.094     1.197     1.805
     1.166     0.133     0.799 207.     3.931     1.486     0.565
     1.166     0.133     0.800 225.     9.350     2.819     1.419
     1.166     0.133     0.799 243.     7.851     2.177     0.544
     1.166     0.133     0.799 261.    12.161     2.593     0.543
     1.166     0.133     0.800 279.    10.316     2.502     1.534
     1.165     0.133     0.799 297.     6.062     1.681     0.800
     1.166     0.133     0.800 315.     6.346     1.496     0.355
     1.166     0.133     0.800 333.     3.828     1.339     0.328
     1.166     0.133     0.800 351.     4.261     1.506     2.581
     1.166     0.133     1.250   9.     1.068     0.534     0.280
     1.166     0.133     1.250  27.     3.443     1.148     0.420
     1.166     0.133     1.250  45.     2.983     1.218     0.515
     1.165     0.133     1.249  63.     1.698     0.850     0.236
     1.166     0.133     1.249  81.     6.403     1.600     0.402
     1.166     0.133     1.249  99.     2.844     1.161     0.279
     1.166     0.133     1.250 135.     2.661     1.086     0.323
     1.166     0.133     1.250 153.     7.347     2.120     0.567
     1.166     0.133     1.250 189.     1.674     0.768     0.287
     1.166     0.133     1.250 225.     2.543     1.272     0.428
     1.166     0.133     1.250 243.     2.169     0.970     0.474
     1.166     0.133     1.250 261.     4.507     1.360     0.928
     1.166     0.133     1.249 279.     3.630     1.462     1.535
     1.165     0.133     1.249 297.     3.142     1.111     0.635
     1.166     0.133     1.250 351.     3.414     1.207     0.488
     1.388     0.170     0.120   9.    30.128    11.389    10.633
     1.388     0.170     0.120  27.    23.810     8.894    12.610
     1.388     0.170     0.119  45.    30.526    10.082     6.304
     1.388     0.170     0.120  63.    17.475     8.739     4.152
     1.388     0.170     0.120  81.    24.001    10.562     7.291
     1.388     0.170     0.120 117.    20.738     9.279     7.363
     1.388     0.170     0.119 135.    15.357     8.867     3.694
     1.388     0.170     0.119 153.    19.210     8.593     9.925
     1.388     0.170     0.119 171.    17.284     9.985     3.995
     1.388     0.170     0.119 225.    15.534     8.968     2.991
     1.388     0.170     0.119 261.    24.940     9.432     8.809
     1.388     0.170     0.119 279.    24.971    10.200     7.725
     1.388     0.170     0.119 297.    16.154     9.326     5.009
     1.388     0.170     0.119 333.    19.592     7.889    10.490
     1.388     0.170     0.120 351.    47.110    14.206     7.242
     1.388     0.170     0.174  27.    29.762     9.412     6.027
     1.387     0.169     0.174  81.    16.393     8.031     6.100
     1.388     0.170     0.174 117.    36.749    13.891     9.871
     1.388     0.170     0.175 153.    29.905    11.306     4.202
     1.388     0.170     0.175 171.    24.112    12.062     4.689
     1.388     0.170     0.174 189.    25.401    11.360     7.186
     1.388     0.170     0.175 225.    23.698    11.851     4.286
     1.388     0.170     0.175 243.    35.714    13.504     4.222
     1.388     0.170     0.175 261.    27.152    10.264     2.780
     1.388     0.170     0.175 279.    36.112    12.769     5.489
     1.388     0.170     0.174 297.    24.908    11.144     4.954
     1.388     0.170     0.175 315.    15.884     7.103     5.625
     1.388     0.170     0.175 351.    23.412     9.560     7.412
     1.388     0.170     0.249   9.    12.535     4.738     5.255
     1.388     0.170     0.250  27.    16.743     4.834     3.330
     1.388     0.170     0.249  45.    17.030     5.389     2.147
     1.388     0.170     0.249  63.    23.093     6.965     3.361
     1.388     0.170     0.250  81.    16.106     5.053     4.375
     1.388     0.170     0.250  99.    23.714     6.339     1.806
     1.388     0.170     0.249 117.    25.353     8.020     2.260
     1.388     0.170     0.250 135.    17.841     6.667     3.279
     1.388     0.170     0.250 153.    26.245     7.577     2.726
     1.388     0.170     0.249 171.    12.724     6.361     1.798
     1.388     0.170     0.250 189.     7.479     4.318     0.543
     1.388     0.170     0.250 207.    27.200     8.139     1.876
     1.388     0.170     0.250 225.    18.844     7.856     7.331
     1.388     0.170     0.250 243.     6.648     3.837     0.961
     1.388     0.170     0.250 261.    20.802     5.922    10.254
     1.388     0.170     0.250 279.    21.247     6.665     5.752
     1.388     0.170     0.250 297.    11.750     4.797     1.509
     1.388     0.170     0.249 315.    33.677     7.152     4.050
     1.388     0.170     0.249 333.    17.030     5.136     3.570
     1.388     0.170     0.249 351.    17.953     5.986     3.148
     1.388     0.170     0.350   9.    22.616     6.045     3.863
     1.388     0.170     0.349  27.    14.146     4.472     3.091
     1.388     0.170     0.350  45.    26.388     7.052     3.174
     1.388     0.170     0.349  63.    27.582     7.600     3.527
     1.388     0.170     0.350  81.    21.438     5.537     1.527
     1.388     0.170     0.349  99.    14.534     5.085     3.436
     1.388     0.170     0.349 117.    29.921     9.023     3.444
     1.388     0.170     0.349 135.    19.496     6.896     1.517
     1.388     0.170     0.349 153.     8.976     4.396     2.168
     1.388     0.170     0.349 171.     9.174     5.153     2.698
     1.388     0.170     0.349 189.    18.478     6.533     4.835
     1.388     0.170     0.350 207.    14.348     5.857     1.899
     1.388     0.170     0.349 225.    13.468     6.734     1.670
     1.388     0.170     0.350 243.    12.863     5.251     1.189
     1.387     0.170     0.350 261.    24.701     6.602     4.141
     1.388     0.170     0.350 279.    23.905     6.901     1.918
     1.387     0.169     0.350 297.    25.083     6.707     3.858
     1.388     0.170     0.350 315.    23.841     5.782     1.946
     1.388     0.170     0.349 333.     9.279     3.788     3.086
     1.388     0.170     0.349 351.     8.306     4.068     1.183
     1.388     0.170     0.500   9.     5.575     1.970     2.129
     1.388     0.170     0.499  27.     9.032     2.505     1.915
     1.388     0.169     0.499  45.    12.061     3.344     1.258
     1.388     0.170     0.500  63.    16.091     4.133     1.795
     1.388     0.169     0.499  81.    18.096     3.762     0.927
     1.388     0.170     0.499  99.    18.271     4.176     3.137
     1.388     0.170     0.499 117.    15.448     4.657     1.779
     1.388     0.170     0.500 135.     3.317     1.864     1.776
     1.387     0.169     0.500 153.     7.593     2.835     1.790
     1.388     0.170     0.500 171.    10.398     3.734     2.795
     1.388     0.170     0.499 189.     8.674     2.777     1.291
     1.388     0.170     0.499 207.    11.195     3.412     0.931
     1.388     0.170     0.500 243.    14.701     3.774     2.239
     1.388     0.170     0.499 261.    10.663     3.189     4.027
     1.388     0.170     0.499 279.    22.807     5.079     3.745
     1.388     0.170     0.499 297.    17.587     3.840     1.352
     1.388     0.170     0.500 315.     8.884     2.529     1.650
     1.388     0.170     0.499 333.     8.375     2.524     1.566
     1.388     0.170     0.500 351.     7.167     2.534     2.007
     1.388     0.170     0.799   9.     5.706     1.345     1.069
     1.388     0.170     0.800  27.     5.402     1.343     1.087
     1.388     0.170     0.800  45.     9.035     2.072     1.260
     1.387     0.169     0.800  63.    14.660     2.476     1.035
     1.388     0.170     0.799  81.     9.032     1.910     0.656
     1.388     0.170     0.799  99.     8.615     2.104     0.606
     1.388     0.169     0.800 117.     8.394     2.313     1.322
     1.388     0.170     0.799 135.     1.827     1.011     1.053
     1.388     0.169     0.800 153.     5.276     1.765     2.110
     1.388     0.169     0.800 171.     8.061     2.160     1.846
     1.388     0.170     0.799 189.     5.489     1.471     1.491
     1.388     0.170     0.800 207.     7.509     1.857     0.915
     1.388     0.170     0.799 225.     4.141     1.690     1.151
     1.388     0.170     0.800 243.    10.665     2.384     0.866
     1.388     0.170     0.799 261.     7.202     1.924     0.259
     1.388     0.170     0.799 279.     4.951     1.635     0.934
     1.388     0.170     0.800 297.     7.713     1.717     1.095
     1.388     0.170     0.800 315.     4.999     1.277     0.841
     1.388     0.170     0.799 333.     7.020     1.693     2.163
     1.388     0.170     0.800 351.     8.728     1.903     0.694
     1.388     0.170     1.250   9.     2.365     0.789     0.630
     1.388     0.170     1.250  27.     1.876     0.766     0.214
     1.388     0.170     1.250  45.     2.944     1.186     1.337
     1.388     0.170     1.249  63.     3.471     1.136     1.052
     1.388     0.170     1.249  81.     6.786     1.490     0.563
     1.388     0.170     1.250  99.     3.339     1.129     0.816
     1.388     0.170     1.250 117.     1.918     0.959     0.400
     1.388     0.169     1.250 135.     2.480     0.990     1.277
     1.388     0.170     1.250 153.     1.690     0.976    10.191
     1.387     0.170     1.249 171.     4.050     1.432     0.466
     1.388     0.169     1.250 189.     3.759     1.134     0.766
     1.388     0.170     1.250 225.     2.440     1.220     0.440
     1.387     0.170     1.250 243.     2.683     1.119     0.470
     1.388     0.170     1.249 261.     4.603     1.347     0.863
     1.388     0.170     1.249 279.     5.002     1.569     1.205
     1.388     0.170     1.249 297.     3.061     0.980     0.391
     1.388     0.170     1.250 315.     1.016     0.543     0.739
     1.388     0.170     1.250 333.     2.973     1.098     0.994
     1.388     0.170     1.249 351.     3.560     1.126     0.558
     1.388     0.170     1.749  27.     2.737     1.102     0.600
     1.388     0.170     1.750  63.     5.356     1.547     0.350
     1.388     0.169     1.750 117.     1.561     0.901     0.280
     1.388     0.170     1.750 135.     1.048     0.605     0.152
     1.388     0.170     1.750 225.     1.650     0.953     0.381
     1.387     0.169     1.749 243.     1.250     0.722     0.789
     1.388     0.170     1.750 261.     1.806     0.903     0.545
     1.619     0.187     0.119  45.    47.778    18.048     6.040
     1.619     0.187     0.120  81.    20.786    12.003     4.257
     1.619     0.187     0.120 117.    24.462    14.127     4.041
     1.619     0.187     0.119 243.    21.629    12.490     2.932
     1.619     0.187     0.120 279.    35.062    15.682     7.881
     1.619     0.187     0.119 351.    21.438    12.379    13.805
     1.619     0.187     0.174  27.    17.730    10.237     1.958
     1.619     0.187     0.175  81.    26.674    15.408     2.355
     1.619     0.187     0.174  99.    22.314    12.888     5.212
     1.619     0.187     0.175 153.    28.727    16.584     3.988
     1.619     0.187     0.174 243.    35.587    17.794     6.930
     1.619     0.187     0.175 297.    27.247    15.734     4.816
     1.619     0.187     0.174 351.    22.711    13.118     3.799
     1.619     0.187     0.250  27.    16.027     6.544     2.626
     1.619     0.187     0.250  45.    19.146     7.818     4.103
     1.619     0.187     0.250  81.    19.290     7.770     5.868
     1.619     0.187     0.250  99.    15.508     7.754     1.999
     1.619     0.187     0.250 135.    23.507    10.517     6.729
     1.619     0.187     0.249 171.    24.446    12.226     3.853
     1.619     0.187     0.250 207.    15.214     7.608     4.838
     1.619     0.187     0.249 243.    19.003     8.504     5.446
     1.619     0.187     0.249 261.    29.173     9.729     8.929
     1.619     0.187     0.250 279.    15.198     7.598     6.314
     1.619     0.187     0.249 297.    13.235     6.482     6.288
     1.619     0.187     0.249 315.    24.383     8.130     4.485
     1.619     0.187     0.249 333.    15.230     5.757     3.134
     1.619     0.187     0.249 351.    26.308     9.306     4.803
     1.619     0.187     0.350   9.     8.087     4.670     1.044
     1.619     0.187     0.349  27.     9.968     4.983     2.933
     1.619     0.187     0.350  63.    24.940     8.820     3.314
     1.619     0.187     0.350  81.    15.145     6.772     4.779
     1.619     0.187     0.350  99.    14.114     7.057     1.551
     1.619     0.187     0.350 135.    16.568     8.289     1.857
     1.619     0.187     0.349 153.    23.650    10.582     3.789
     1.619     0.187     0.350 207.    21.406     8.742     2.496
     1.619     0.187     0.350 225.    15.691     9.059     2.645
     1.619     0.187     0.350 261.    11.122     6.247     3.492
     1.619     0.187     0.350 279.    18.446     8.251     8.372
     1.619     0.187     0.349 297.    23.619     8.354     4.846
     1.619     0.187     0.350 315.    14.550     5.940     3.998
     1.619     0.187     0.349 333.    16.297     6.164     1.733
     1.619     0.187     0.499   9.    15.164     4.205     1.679
     1.619     0.187     0.500  27.     4.716     2.357     0.823
     1.619     0.187     0.500  45.    10.273     3.882     2.067
     1.619     0.187     0.500  63.     8.648     3.742     3.476
     1.619     0.187     0.500  81.    14.357     4.539     2.225
     1.619     0.187     0.500  99.    13.613     5.144     2.585
     1.619     0.187     0.499 135.     7.113     3.995     2.126
     1.619     0.187     0.500 171.    12.435     5.561     2.104
     1.619     0.187     0.499 207.    13.509     4.776     1.579
     1.619     0.187     0.499 225.    13.323     5.553     2.257
     1.619     0.187     0.500 261.    15.683     5.228     1.649
     1.619     0.187     0.500 297.    11.741     4.151     2.454
     1.619     0.187     0.500 315.    16.202     4.187     1.533
     1.619     0.187     0.499 333.    16.393     4.385     2.276
     1.619     0.187     0.799   9.     2.168     1.085     0.470
     1.619     0.187     0.799  27.     3.592     1.467     0.605
     1.619     0.187     0.800  45.     7.592     2.400     1.545
     1.619     0.187     0.800  63.     5.577     2.107     1.142
     1.619     0.187     0.799  81.     9.228     2.559     1.297
     1.619     0.187     0.799  99.     5.922     2.418     0.676
     1.619     0.187     0.800 117.     7.832     3.264     1.544
     1.619     0.187     0.800 135.     4.171     2.087     0.629
     1.619     0.187     0.800 153.     7.709     2.914     0.927
     1.618     0.187     0.800 171.     5.231     2.136     1.193
     1.619     0.187     0.800 207.     5.069     2.112     1.627
     1.619     0.187     0.800 225.     8.983     3.175     1.574
     1.619     0.187     0.800 243.     8.330     2.776     0.970
     1.619     0.187     0.799 261.     6.061     2.473     1.677
     1.619     0.187     0.799 279.    12.537     3.476     1.559
     1.619     0.187     0.800 297.    12.306     2.823     1.016
     1.619     0.187     0.800 315.     5.995     1.779     0.599
     1.619     0.187     0.800 333.     7.584     2.398     1.730
     1.619     0.187     0.800 351.     2.884     1.413     1.878
     1.619     0.187     1.249  27.     1.607     0.928     0.172
     1.619     0.187     1.249  45.     3.051     1.342     0.714
     1.619     0.187     1.250  63.     6.508     2.169     0.985
     1.619     0.187     1.250 135.     2.225     1.285     0.496
     1.618     0.187     1.249 189.     2.873     1.318     0.921
     1.619     0.187     1.250 243.     3.212     1.473     0.293
     1.619     0.187     1.250 261.     5.056     1.888     1.341
     1.619     0.187     1.250 279.     2.644     1.485     0.686
     1.619     0.187     1.250 297.     3.067     1.349     1.196
     1.619     0.187     1.250 315.     3.244     1.226     0.472
     1.619     0.187     1.249 333.     2.422     1.186     0.641
     1.770     0.223     0.120   9.    12.019     6.010     6.570
     1.770     0.223     0.120  45.    27.995     7.969     4.864
     1.771     0.223     0.120  99.    20.722     7.327     2.376
     1.770     0.223     0.120 243.    33.295    10.533     9.643
     1.771     0.223     0.120 261.     8.556     4.940     0.939
     1.770     0.223     0.120 315.    22.250     7.417     5.287
     1.770     0.223     0.120 351.    21.550     8.149     7.900
     1.771     0.224     0.175   9.    29.682     9.390     4.881
     1.771     0.224     0.175  45.    19.226     7.269     3.349
     1.771     0.224     0.174  63.    12.917     6.325     5.572
     1.771     0.224     0.174  81.    16.791     6.860     4.767
     1.771     0.224     0.175  99.     7.636     4.409     3.088
     1.771     0.224     0.174 117.    26.149     9.888     2.876
     1.771     0.224     0.175 135.    11.437     6.603     1.794
     1.770     0.224     0.175 153.    10.157     5.706     8.946
     1.771     0.224     0.175 171.    20.451    10.232     2.313
     1.770     0.224     0.175 243.    12.484     6.242     4.670
     1.771     0.224     0.174 261.    16.011     6.538     2.971
     1.771     0.224     0.175 297.    21.008     7.942     5.254
     1.771     0.224     0.175 315.    19.847     6.557     4.601
     1.771     0.224     0.174 333.    11.793     5.661     3.215
     1.771     0.224     0.175 351.    19.051     7.783     6.240
     1.771     0.224     0.250   9.    32.372     6.013     2.599
     1.771     0.224     0.250  27.    17.284     4.151     3.277
     1.771     0.224     0.249  45.    11.494     3.761     2.521
     1.771     0.224     0.250  63.    17.109     4.942     2.309
     1.770     0.224     0.249  81.    25.417     5.660     2.744
     1.771     0.224     0.249  99.    20.388     5.072     4.775
     1.771     0.224     0.249 117.    19.321     6.059     7.294
     1.771     0.224     0.249 135.    15.906     5.252     2.114
     1.771     0.224     0.250 153.     4.787     2.690     1.276
     1.771     0.224     0.249 171.    15.292     5.779     3.412
     1.771     0.224     0.250 189.    13.140     4.380     1.589
     1.771     0.224     0.250 207.    10.921     4.078     4.020
     1.771     0.224     0.250 225.     9.010     4.130     2.523
     1.771     0.224     0.250 243.    17.714     4.884     5.566
     1.771     0.224     0.250 261.    16.488     4.728     3.732
     1.771     0.224     0.250 279.    18.032     5.437     6.387
     1.770     0.224     0.250 297.    15.161     4.377     1.199
     1.771     0.224     0.250 315.    21.486     4.689     2.870
     1.771     0.224     0.249 333.    17.985     4.498     5.058
     1.771     0.224     0.250 351.    16.138     4.662     3.619
     1.771     0.224     0.349   9.    12.489     3.579     3.928
     1.771     0.224     0.350  27.    10.745     3.189     1.932
     1.771     0.224     0.349  45.    20.404     4.950     3.998
     1.771     0.224     0.349  63.    19.321     5.133     3.207
     1.771     0.224     0.349  81.    24.383     5.432     2.706
     1.770     0.224     0.350  99.    18.494     5.131     1.755
     1.771     0.224     0.350 117.    26.849     7.399     7.511
     1.771     0.224     0.350 135.    16.950     4.896     1.579
     1.771     0.224     0.349 153.    19.274     5.153     1.759
     1.771     0.224     0.349 171.    13.118     4.899     3.782
     1.771     0.224     0.350 189.    10.343     3.544     2.338
     1.771     0.224     0.349 207.    12.944     4.197     2.278
     1.770     0.224     0.349 225.     8.809     3.939     2.171
     1.771     0.224     0.350 243.    15.834     4.773     5.120
     1.771     0.224     0.350 261.    20.229     5.408     2.368
     1.771     0.224     0.350 279.    20.881     6.030     2.418
     1.771     0.224     0.350 297.    21.247     4.985     2.137
     1.771     0.224     0.349 315.    22.584     4.517     3.008
     1.771     0.224     0.349 333.    21.184     4.861     2.201
     1.770     0.224     0.349 351.    13.972     4.033     3.493
     1.771     0.224     0.499   9.    15.333     2.710     1.802
     1.771     0.224     0.499  27.    14.940     2.720     2.916
     1.771     0.224     0.499  45.    20.658     3.702     1.814
     1.771     0.224     0.500  63.    17.046     3.333     1.019
     1.770     0.224     0.499  81.    21.613     3.419     2.128
     1.770     0.224     0.499  99.     9.834     2.596     2.873
     1.771     0.224     0.499 117.    13.909     3.570     1.916
     1.770     0.224     0.499 135.    13.218     3.005     0.978
     1.771     0.224     0.499 153.    11.862     2.903     3.104
     1.771     0.224     0.499 171.    12.716     3.228     1.217
     1.771     0.224     0.500 189.    11.298     2.558     0.576
     1.771     0.224     0.499 207.     7.757     2.262     0.986
     1.770     0.224     0.499 225.    13.017     3.237     1.708
     1.771     0.224     0.500 243.    11.122     2.771     2.278
     1.771     0.224     0.500 261.    13.409     3.151     2.015
     1.770     0.224     0.500 279.    13.638     3.291     1.611
     1.771     0.224     0.499 297.    25.019     3.729     1.366
     1.770     0.224     0.499 315.     6.888     1.768     1.588
     1.771     0.224     0.500 333.    11.937     2.604     2.615
     1.771     0.224     0.500 351.     8.012     2.141     0.908
     1.771     0.224     0.800   9.     5.820     1.142     0.599
     1.771     0.224     0.800  27.     8.343     1.424     0.911
     1.771     0.224     0.799  45.     7.834     1.644     1.733
     1.771     0.224     0.799  63.     6.478     1.448     1.872
     1.771     0.224     0.799  81.    11.981     1.822     0.688
     1.771     0.224     0.799  99.     6.449     1.509     1.378
     1.771     0.224     0.800 117.     4.399     1.362     1.590
     1.771     0.224     0.800 135.     8.096     1.687     0.785
     1.771     0.224     0.800 153.     6.049     1.553     0.710
     1.771     0.224     0.799 171.     6.720     1.684     0.591
     1.771     0.224     0.800 189.     5.911     1.308     1.233
     1.771     0.224     0.800 207.     6.021     1.517     0.598
     1.771     0.224     0.800 225.     8.292     1.846     1.211
     1.770     0.224     0.800 243.    11.259     1.985     1.296
     1.771     0.224     0.799 261.    11.719     2.180     0.859
     1.770     0.224     0.799 279.    13.934     2.489     0.554
     1.770     0.224     0.800 297.     8.486     1.496     2.513
     1.770     0.224     0.800 315.     6.689     1.272     1.217
     1.771     0.224     0.799 333.     6.323     1.380     0.724
     1.771     0.224     0.799 351.     9.108     1.609     0.599
     1.771     0.224     1.249   9.     2.207     0.609     0.578
     1.771     0.224     1.249  27.     3.320     0.857     0.568
     1.771     0.224     1.249  45.     4.530     1.204     0.895
     1.771     0.224     1.249  63.     5.680     1.339     1.085
     1.771     0.224     1.249  81.     6.546     1.195     0.298
     1.771     0.224     1.249  99.     3.915     0.959     0.309
     1.771     0.224     1.249 117.     7.843     1.671     0.598
     1.770     0.224     1.249 135.     4.628     1.205     0.380
     1.771     0.224     1.250 153.     2.403     0.877     0.401
     1.771     0.224     1.250 171.     1.970     0.904     0.384
     1.771     0.224     1.249 189.     3.457     1.019     1.176
     1.771     0.224     1.250 207.     1.268     0.732     0.550
     1.771     0.224     1.250 225.     2.161     0.901     0.968
     1.771     0.224     1.249 243.     5.176     1.195     1.152
     1.770     0.224     1.250 261.     5.023     1.250     0.585
     1.770     0.224     1.249 279.     5.473     1.321     1.164
     1.771     0.224     1.249 297.     6.207     1.241     0.765
     1.770     0.224     1.249 315.     4.326     1.006     0.944
     1.771     0.224     1.250 333.     4.528     1.150     1.044
     1.771     0.224     1.250 351.     3.088     0.846     0.394
     1.771     0.224     1.750  27.     1.232     0.616     0.425
     1.771     0.224     1.750  45.     2.771     1.035     0.756
     1.771     0.224     1.750  63.     1.932     0.731     0.276
     1.771     0.224     1.750  81.     2.943     0.787     0.439
     1.770     0.224     1.749  99.     1.357     0.622     0.251
     1.771     0.224     1.750 117.     2.050     0.917     0.752
     1.771     0.224     1.749 135.     2.653     0.897     0.586
     1.771     0.224     1.750 153.     2.117     0.865     0.506
     1.771     0.224     1.750 243.     1.803     0.736     0.757
     1.771     0.224     1.750 261.     5.120     1.322     0.542
     1.771     0.224     1.750 279.     1.919     0.726     0.516
     1.771     0.224     1.749 297.     1.465     0.602     0.405
     1.771     0.224     1.749 315.     2.652     0.839     1.042
     1.771     0.224     1.750 333.     2.951     1.116     0.928
     1.878     0.271     0.249   9.    47.667    11.561     8.841
     1.878     0.271     0.250  27.    47.651    11.558     3.339
     1.878     0.271     0.250  45.    18.494     7.253     7.897
     1.878     0.271     0.249  63.    12.467     7.197     5.254
     1.878     0.271     0.250  81.     9.516     5.494     2.174
     1.878     0.271     0.249  99.    18.000     6.809     2.650
     1.878     0.271     0.249 117.    47.126    12.989     8.797
     1.878     0.271     0.249 135.    13.691     7.905     1.884
     1.878     0.271     0.250 153.    19.767     8.072     3.592
     1.878     0.271     0.249 171.    22.329    12.900     4.278
     1.878     0.271     0.249 189.    13.027     7.522     1.798
     1.878     0.271     0.250 225.    20.006     8.949     6.798
     1.878     0.271     0.249 243.    24.048     8.415     4.666
     1.878     0.271     0.250 261.    36.892    11.669     3.312
     1.878     0.271     0.250 297.    20.260     7.662     3.406
     1.878     0.271     0.250 333.    31.783    10.598     5.836
     1.878     0.271     0.350   9.    15.352     6.018     4.857
     1.878     0.271     0.349  27.    28.568     8.249     3.731
     1.878     0.271     0.350  45.    21.502     8.126     4.714
     1.878     0.271     0.350  63.    28.505    10.651     3.901
     1.878     0.271     0.350  81.    40.664    10.805     4.261
     1.878     0.271     0.349  99.    11.403     5.585     1.313
     1.878     0.271     0.349 117.    12.392     7.154     2.336
     1.878     0.271     0.350 135.    40.919    12.339     4.332
     1.878     0.271     0.350 171.    14.996     8.658     3.595
     1.878     0.271     0.350 225.    15.734     7.705     7.327
     1.878     0.271     0.349 243.    19.672     6.955     3.688
     1.878     0.271     0.349 261.    23.682     8.954     4.238
     1.877     0.271     0.349 279.    19.369     8.668     4.027
     1.878     0.271     0.350 297.    17.300     6.966     7.199
     1.878     0.271     0.349 315.    31.560     8.699     4.203
     1.878     0.271     0.349 333.    44.134    11.798     6.174
     1.878     0.271     0.349 351.    22.966     8.685     4.078
     1.877     0.271     0.500   9.    13.487     3.866     3.473
     1.878     0.271     0.499  27.    12.672     3.791     5.540
     1.878     0.271     0.500  45.    10.353     4.111     1.521
     1.878     0.271     0.499  63.    19.974     5.976     3.078
     1.878     0.271     0.500  81.    28.155     6.295     3.852
     1.878     0.271     0.499  99.    23.109     5.718     2.898
     1.878     0.271     0.499 117.    19.258     6.092     4.410
     1.878     0.271     0.500 135.    13.554     4.792     3.022
     1.878     0.271     0.499 153.    21.597     5.773     3.022
     1.877     0.271     0.500 171.    19.783     7.000     6.840
     1.878     0.271     0.499 189.    10.846     3.794     3.247
     1.878     0.271     0.500 207.     9.941     4.302     4.558
     1.878     0.271     0.499 225.    16.727     5.045     4.356
     1.878     0.271     0.500 243.    11.028     3.979     3.640
     1.878     0.271     0.500 261.    23.396     6.777     7.649
     1.878     0.271     0.500 279.    17.937     5.979     4.935
     1.878     0.271     0.499 297.    23.507     5.701     3.656
     1.878     0.271     0.500 315.    20.197     5.023     4.908
     1.878     0.271     0.499 333.    24.924     6.197     3.996
     1.878     0.271     0.500 351.    19.687     5.231     3.463
     1.878     0.271     0.800   9.     6.435     1.857     0.932
     1.878     0.271     0.799  27.    11.636     2.656     2.021
     1.878     0.271     0.800  45.    14.136     3.689    11.413
     1.878     0.271     0.800  63.    18.573     4.483     3.244
     1.878     0.271     0.799  81.    21.470     3.909     1.418
     1.878     0.271     0.799  99.    13.998     3.217     1.964
     1.878     0.271     0.800 117.    19.019     4.517     3.552
     1.878     0.271     0.799 135.    12.879     3.441     1.775
     1.878     0.271     0.799 153.    10.538     2.922     1.892
     1.878     0.271     0.799 171.    10.132     3.758     6.013
     1.878     0.271     0.799 189.     6.726     2.352     1.050
     1.878     0.271     0.799 207.     9.494     3.209     4.039
     1.878     0.271     0.800 225.    16.043     3.783     3.116
     1.878     0.271     0.799 243.    17.778     3.649     2.897
     1.878     0.271     0.800 261.    17.491     4.243     1.454
     1.878     0.271     0.799 279.    19.576     4.149     1.935
     1.878     0.271     0.800 297.    16.488     3.521     2.656
     1.878     0.271     0.800 315.    10.632     2.699     3.156
     1.878     0.271     0.800 333.     6.899     2.278     1.487
     1.878     0.271     0.800 351.     8.664     2.387     2.717
     1.878     0.271     1.249   9.     4.854     1.453     1.155
     1.878     0.271     1.250  27.     2.494     1.197     0.976
     1.877     0.271     1.250  45.    13.289     3.431     1.826
     1.878     0.271     1.249  63.    11.550     3.069     1.798
     1.878     0.271     1.249  81.     7.857     1.964     2.327
     1.878     0.271     1.250  99.     8.483     2.153     1.250
     1.878     0.271     1.249 135.     8.765     2.454     1.548
     1.878     0.271     1.249 153.     6.858     2.317     1.241
     1.878     0.271     1.250 189.     6.147     2.749     1.124
     1.878     0.271     1.249 207.     3.957     2.284     1.641
     1.878     0.271     1.250 225.     9.346     2.497     0.752
     1.878     0.271     1.249 243.     8.769     2.343     1.176
     1.878     0.271     1.250 261.     8.292     2.621     0.782
     1.877     0.271     1.250 279.     9.801     2.461     1.060
     1.878     0.271     1.249 297.    10.929     2.443     0.963
     1.878     0.271     1.250 315.     3.754     1.625     1.927
     1.878     0.271     1.250 351.     8.661     2.236     1.457
     1.878     0.271     1.750  45.     2.900     1.496     0.475
     1.878     0.271     1.750  63.     3.866     1.728     1.342
     1.878     0.271     1.749  81.     3.536     1.361     0.809
     1.878     0.271     1.750  99.     4.611     1.773     0.860
     1.878     0.271     1.749 117.     6.127     2.739     1.149
     1.878     0.271     1.750 243.     5.445     1.924     1.152
     1.878     0.271     1.750 261.     6.183     2.577     0.691
     1.878     0.271     1.750 279.     3.412     1.402     1.371
     1.878     0.271     1.749 315.     3.092     1.547     0.495
     1.954     0.313     0.500   9.    39.741    17.778     3.016
     1.954     0.313     0.500  27.    32.277    16.138     7.027
     1.955     0.313     0.500  81.    49.497    20.213     9.667
     1.955     0.313     0.500 117.    47.667    21.311     9.436
     1.955     0.313     0.500 135.    52.537    26.277    15.895
     1.954     0.313     0.499 153.    27.868    16.091     2.489
     1.954     0.313     0.499 261.    53.778    26.881    14.612
     1.954     0.313     0.499 297.    34.728    17.364     4.660
     1.955     0.313     0.799   9.    15.317     7.659     3.180
     1.954     0.313     0.799  81.    49.895    14.407     5.798
     1.955     0.313     0.799  99.    24.383     9.960     3.269
     1.955     0.313     0.799 135.    26.738    11.962     3.201
     1.954     0.313     0.799 225.    17.157     8.585     5.112
     1.954     0.313     0.800 243.    21.422     9.581     6.626
     1.954     0.313     0.799 279.    19.321     9.661     5.674
     1.954     0.313     0.800 297.    12.976     7.289     2.346
     1.955     0.313     0.799 351.    17.539     8.769     2.755
     1.954     0.313     1.251  27.    17.014     8.513     1.294
     1.954     0.313     1.250  45.    22.711    11.357     5.309
     1.954     0.313     1.250  63.    17.252     8.456     8.351
     1.955     0.313     1.249  81.    12.976     5.949     5.806
     1.955     0.313     1.250  99.    13.063     6.532     1.646
     1.954     0.313     1.250 117.    24.876    11.133     7.843
     1.955     0.313     1.249 153.    17.969     8.989     3.186
     1.954     0.313     1.249 225.    11.058     6.385    16.664
     1.954     0.313     1.250 261.    20.499    10.254     5.562
     1.955     0.313     1.250 333.    17.173     9.915     4.673
     2.107     0.238     0.250   9.    38.516    19.258     3.704
     2.107     0.238     0.250  81.    28.887    16.679     4.241
     2.107     0.238     0.249 261.    36.733    18.366     7.308
     2.107     0.238     0.350   9.    19.751    11.410     7.649
     2.107     0.238     0.350 279.    33.773    16.886     8.945
     2.107     0.238     0.350 297.    26.802    13.406     4.623
     2.107     0.238     0.350 333.    16.870     9.747     1.384
     2.107     0.238     0.499   9.    12.869     6.435     1.540
     2.107     0.238     0.499  27.    12.309     5.505     4.555
     2.107     0.238     0.499  45.    17.475     8.738     4.471
     2.107     0.238     0.500  63.    22.202     9.931     6.463
     2.107     0.238     0.499  81.    22.361    10.006     3.134
     2.107     0.238     0.499 171.    19.433    11.225     2.529
     2.107     0.238     0.499 207.    20.690    11.956     2.702
     2.107     0.238     0.499 243.    28.775    12.872     3.470
     2.107     0.238     0.499 279.    29.316    11.084     2.780
     2.107     0.238     0.499 315.    10.065     5.032     1.048
     2.107     0.238     0.499 333.     8.999     5.195     2.359
     2.107     0.238     0.799   9.    11.039     3.902     2.426
     2.107     0.238     0.799  45.     8.852     3.958     1.433
     2.107     0.238     0.799  99.    10.390     5.195     1.849
     2.107     0.238     0.799 117.    13.006     5.817     1.390
     2.107     0.238     0.799 207.     9.110     5.260     1.219
     2.107     0.238     0.800 243.    10.487     5.243     2.231
     2.107     0.238     0.799 279.     6.479     3.740     1.138
     2.107     0.238     0.799 297.     8.669     3.877     2.429
     2.107     0.238     0.799 333.     4.853     2.801     1.603
     2.107     0.238     0.799 351.     5.956     2.978     1.109
     2.107     0.238     1.250   9.     2.769     1.598     0.912
     2.107     0.238     1.249  27.     4.873     2.179     1.241
     2.107     0.238     1.250 117.     5.126     2.960     0.937
     2.107     0.238     1.249 135.    11.305     4.615     1.676
     2.107     0.238     1.249 171.    10.350     5.976     2.217
     2.107     0.238     1.249 333.     3.632     2.096     0.455
     2.236     0.276     0.174   9.    15.877     9.167     6.201
     2.236     0.276     0.175  27.    14.076     7.905    10.097
     2.236     0.276     0.175  45.    13.250     7.649     2.394
     2.236     0.276     0.175  99.    16.886     9.758     3.831
     2.236     0.276     0.174 225.    44.945    25.942    10.778
     2.236     0.276     0.175 243.    44.197    18.048     8.217
     2.236     0.276     0.175 333.    20.292    10.151     3.832
     2.236     0.276     0.250   9.    11.902     4.791     3.705
     2.235     0.276     0.249  27.    20.245     6.105     3.726
     2.236     0.276     0.250  63.    14.232     5.811     5.104
     2.236     0.276     0.250  81.    20.611     6.874     5.839
     2.236     0.276     0.250  99.    15.179     5.367     1.156
     2.236     0.276     0.249 117.    12.541     6.142     5.036
     2.235     0.276     0.250 153.    14.047     6.178     5.632
     2.236     0.276     0.250 225.    17.714     7.794     4.130
     2.235     0.276     0.250 243.    17.873     6.253     8.055
     2.236     0.276     0.249 261.    22.154     7.385     3.525
     2.236     0.276     0.249 279.    10.410     5.204     2.989
     2.236     0.276     0.250 297.    12.857     5.176     4.877
     2.236     0.276     0.249 333.    20.674     6.891     1.903
     2.235     0.276     0.250 351.    15.325     6.256     2.394
     2.236     0.276     0.350   9.    10.455     4.269     1.665
     2.235     0.276     0.350  27.    18.685     5.397     1.482
     2.235     0.276     0.350  45.     7.374     3.936     3.823
     2.236     0.276     0.349  63.    25.465     8.056     2.145
     2.236     0.276     0.350  81.    23.921     7.157     6.848
     2.236     0.276     0.349  99.     9.887     4.421     3.237
     2.236     0.276     0.350 117.    11.257     5.629     0.928
     2.235     0.276     0.350 135.    13.644     6.102     1.705
     2.235     0.276     0.349 171.    14.273     7.137     2.176
     2.236     0.276     0.350 207.    18.908     8.319     2.042
     2.236     0.276     0.350 243.     8.952     4.385     1.036
     2.236     0.276     0.349 261.    14.800     5.959     2.231
     2.236     0.276     0.350 279.    11.579     5.177     1.384
     2.236     0.276     0.350 297.    10.382     4.643     3.476
     2.236     0.276     0.349 315.    10.920     4.396     2.731
     2.236     0.276     0.349 333.    14.666     5.413     4.956
     2.236     0.276     0.349 351.    18.971     6.325     5.801
     2.236     0.276     0.499   9.     8.068     2.432     2.039
     2.236     0.276     0.499  27.    10.458     2.795     2.430
     2.236     0.276     0.499  45.     3.758     2.056     0.947
     2.236     0.276     0.500  63.    10.495     3.634     4.841
     2.236     0.276     0.500  81.    21.024     4.701     0.930
     2.236     0.276     0.500  99.     9.715     3.083     1.303
     2.236     0.276     0.500 117.     9.659     3.606     2.063
     2.235     0.276     0.499 135.     7.891     3.221     1.714
     2.236     0.276     0.500 153.    10.421     3.473     1.486
     2.236     0.276     0.500 207.    13.240     5.004     1.932
     2.236     0.276     0.499 225.    12.354     4.117     2.327
     2.236     0.276     0.500 243.    11.582     3.377     0.757
     2.236     0.276     0.499 261.    16.218     4.469     3.511
     2.236     0.276     0.499 279.    12.151     4.050     1.296
     2.236     0.276     0.500 297.     6.704     2.534     2.276
     2.236     0.276     0.499 315.    11.064     2.940     1.422
     2.235     0.276     0.499 333.    10.447     3.150     3.295
     2.236     0.276     0.500 351.    11.332     3.271     2.067
     2.236     0.276     0.799   9.     5.695     1.381     0.427
     2.236     0.276     0.800  27.     5.570     1.393     0.808
     2.236     0.276     0.799  45.     7.066     1.946     1.398
     2.236     0.276     0.799  63.     8.830     2.254     1.217
     2.236     0.276     0.800  81.    11.375     2.362     1.335
     2.236     0.276     0.800  99.     8.422     2.083     1.420
     2.236     0.276     0.800 117.     8.239     2.484     1.343
     2.236     0.276     0.800 135.     5.373     1.790     0.535
     2.236     0.276     0.799 153.     6.818     2.079     1.324
     2.236     0.276     0.800 171.     6.786     2.610     1.491
     2.235     0.276     0.799 189.     5.032     2.055     1.063
     2.236     0.276     0.799 207.     3.860     1.948     2.141
     2.236     0.276     0.799 225.     4.657     1.900     1.449
     2.236     0.276     0.799 243.    10.386     2.266     1.186
     2.236     0.276     0.799 261.     9.941     2.398     2.157
     2.236     0.276     0.800 279.     7.106     2.142     0.862
     2.236     0.276     0.800 297.     6.973     1.862     1.845
     2.235     0.276     0.800 315.     8.828     1.881     0.995
     2.236     0.276     0.800 333.     5.418     1.620     1.096
     2.235     0.276     0.800 351.     8.898     1.897     1.003
     2.235     0.276     1.250   9.     1.562     0.638     0.421
     2.235     0.276     1.249  27.     4.956     1.280     0.791
     2.236     0.276     1.250  45.     4.608     1.494     0.864
     2.235     0.276     1.250  63.     5.879     1.746     0.982
     2.236     0.276     1.250  81.     3.770     1.197     0.583
     2.236     0.276     1.249  99.     7.724     1.719     0.919
     2.236     0.276     1.249 117.    11.394     2.613     1.418
     2.236     0.276     1.250 135.     3.299     1.247     0.561
     2.236     0.276     1.250 153.     3.169     1.294     0.644
     2.235     0.276     1.250 171.     5.131     2.566     0.543
     2.236     0.276     1.249 207.     4.378     1.958     1.105
     2.235     0.276     1.250 243.     2.984     1.115     0.551
     2.235     0.276     1.250 261.     5.101     1.556     0.882
     2.236     0.276     1.250 279.     4.140     1.449     1.649
     2.236     0.276     1.250 297.     3.527     1.222     1.140
     2.236     0.276     1.250 315.     5.526     1.468     0.398
     2.236     0.276     1.250 333.     3.721     1.240     0.687
     2.235     0.276     1.250 351.     2.223     0.895     0.879
     2.235     0.276     1.750   9.     1.417     0.709     0.199
     2.236     0.276     1.750  45.     2.293     1.124     2.115
     2.235     0.276     1.750  81.     3.175     0.996     0.473
     2.236     0.276     1.750  99.     2.983     1.128     0.689
     2.236     0.276     1.749 117.     4.929     1.862     1.560
     2.236     0.276     1.750 153.     1.555     0.898     1.247
     2.236     0.276     1.749 171.     3.455     1.994     0.617
     2.235     0.276     1.750 225.     2.583     1.155     0.365
     2.235     0.276     1.750 279.     2.305     1.031     0.231
     2.236     0.276     1.749 315.     2.328     1.042     0.403
     2.236     0.276     1.749 351.     1.448     0.836     0.556
     2.262     0.334     0.253   9.    33.836     8.738     5.631
     2.262     0.334     0.254  27.    14.731     5.101     3.490
     2.262     0.334     0.253  45.    18.748     5.881     6.455
     2.261     0.334     0.253  63.    24.160     7.735     5.849
     2.262     0.334     0.253  81.    11.146     5.351    13.156
     2.261     0.334     0.253  99.    12.540     5.650     3.700
     2.262     0.334     0.254 135.    27.645    15.963     4.894
     2.262     0.334     0.253 243.    30.669    10.848     3.022
     2.261     0.334     0.253 279.    34.919     8.685     4.523
     2.262     0.334     0.254 297.    15.916     5.255     5.970
     2.262     0.334     0.253 315.    12.978     4.846     6.215
     2.261     0.334     0.253 333.    18.128     6.772     6.825
     2.263     0.338     0.349   9.    13.991     4.663     1.577
     2.263     0.338     0.349  27.    20.531     5.623     3.750
     2.263     0.338     0.350  45.    16.345     5.147     5.300
     2.263     0.338     0.349  63.    17.778     6.318     6.344
     2.263     0.338     0.349  81.    26.658     7.189     3.761
     2.263     0.338     0.349  99.    20.929     5.419     1.528
     2.263     0.338     0.349 117.    16.329     5.394     4.243
     2.263     0.338     0.349 135.    17.666     7.904     2.317
     2.263     0.338     0.349 207.    17.603    10.167     3.333
     2.263     0.338     0.350 225.    19.512     7.006     5.502
     2.263     0.338     0.349 243.    20.133     6.070     5.227
     2.263     0.338     0.350 261.    34.632     8.679     6.414
     2.263     0.338     0.350 279.    16.488     5.233     8.620
     2.263     0.338     0.350 297.     9.804     3.700     6.899
     2.263     0.338     0.349 315.    24.940     6.239     4.036
     2.263     0.338     0.349 333.    14.714     5.496     4.900
     2.263     0.338     0.350 351.    33.805     8.451     3.339
     2.263     0.338     0.499   9.    17.921     3.549     2.489
     2.263     0.338     0.500  27.    31.115     4.587     1.911
     2.263     0.338     0.500  45.    25.974     4.865     3.419
     2.263     0.338     0.499  63.    31.417     5.462     2.978
     2.263     0.338     0.499  81.    25.306     4.345     4.044
     2.263     0.338     0.500  99.    21.900     3.980     2.427
     2.263     0.338     0.500 117.    19.576     4.342     4.334
     2.263     0.338     0.500 135.    16.679     4.343     2.551
     2.263     0.338     0.500 153.    31.019     5.916     3.180
     2.263     0.338     0.500 189.    12.852     4.943     3.326
     2.263     0.338     0.500 207.    31.958     8.252     5.107
     2.263     0.338     0.499 225.    25.719     4.611     2.193
     2.263     0.338     0.500 243.    28.170     4.713     2.807
     2.263     0.338     0.499 261.    23.953     4.959     6.798
     2.263     0.338     0.500 279.    28.075     4.744     2.389
     2.263     0.338     0.500 297.    23.062     4.078     1.740
     2.263     0.338     0.499 315.    22.329     4.170     2.429
     2.263     0.338     0.499 333.    10.679     3.267     2.949
     2.263     0.338     0.499 351.    17.634     4.028     4.210
     2.263     0.338     0.800   9.    14.743     2.059     1.685
     2.263     0.338     0.799  27.    15.265     2.274     5.313
     2.263     0.338     0.799  45.    15.699     2.841     2.001
     2.263     0.338     0.800  63.    17.873     3.049     3.167
     2.263     0.338     0.800  81.    15.995     2.376     2.087
     2.263     0.338     0.800  99.    15.354     2.355     1.480
     2.263     0.338     0.799 117.    21.804     3.368     1.440
     2.263     0.338     0.799 135.    17.046     2.946     1.671
     2.263     0.338     0.800 153.    15.506     2.795     1.881
     2.263     0.338     0.800 171.     8.575     3.360     4.436
     2.263     0.338     0.799 189.     3.638     1.819     0.850
     2.263     0.338     0.799 207.     6.272     2.413     2.179
     2.263     0.338     0.800 225.    15.113     2.446     0.842
     2.263     0.338     0.799 243.    20.436     3.002     0.470
     2.263     0.338     0.800 261.    24.685     3.726     2.927
     2.263     0.338     0.800 279.    19.369     2.803     2.505
     2.263     0.338     0.799 297.    14.696     2.319     0.597
     2.263     0.338     0.799 315.    15.304     2.550     2.795
     2.263     0.338     0.799 333.     8.077     1.967     2.174
     2.263     0.338     0.799 351.    12.549     2.101     1.120
     2.263     0.338     1.249   9.     7.714     1.343     0.904
     2.263     0.338     1.250  27.    11.426     1.945     1.806
     2.263     0.338     1.250  45.     5.268     1.490     1.257
     2.263     0.338     1.250  63.     9.500     1.958     1.189
     2.263     0.338     1.250  81.     8.773     1.541     1.201
     2.263     0.338     1.249  99.    14.653     2.044     1.770
     2.263     0.338     1.249 117.    10.105     2.075     1.733
     2.263     0.338     1.250 135.     7.947     1.899     1.429
     2.263     0.338     1.250 153.     9.030     2.206     1.110
     2.263     0.338     1.250 171.     8.387     3.751     3.393
     2.263     0.338     1.249 207.     2.865     1.529     1.560
     2.263     0.338     1.249 225.     8.324     1.775     1.074
     2.263     0.338     1.250 243.    10.425     2.037     1.269
     2.263     0.338     1.249 261.     9.306     2.066     1.053
     2.263     0.338     1.250 279.     9.342     1.662     0.384
     2.263     0.338     1.250 297.     7.724     1.541     0.672
     2.263     0.338     1.249 315.     9.120     1.921     2.136
     2.263     0.338     1.250 333.     8.292     1.927     1.779
     2.263     0.338     1.250 351.     7.596     1.514     1.663
     2.263     0.338     1.750   9.     2.125     0.844     0.987
     2.263     0.338     1.749  27.     3.922     1.272     0.940
     2.263     0.338     1.749  45.     4.028     1.354     0.915
     2.263     0.338     1.749  63.     3.107     1.127     0.974
     2.263     0.338     1.750  81.     2.607     0.880     1.939
     2.263     0.338     1.749  99.     6.188     1.358     1.684
     2.263     0.338     1.750 135.     5.411     1.732     1.958
     2.263     0.338     1.749 207.     4.557     2.631     1.469
     2.263     0.338     1.750 225.     5.139     1.484     0.646
     2.263     0.338     1.750 243.     7.608     1.980     0.725
     2.263     0.338     1.749 261.     9.105     1.940     1.032
     2.263     0.338     1.750 279.     3.850     1.070     1.346
     2.263     0.338     1.750 297.     0.906     0.521     0.252
     2.263     0.338     1.750 315.     4.533     1.427     1.031
     2.263     0.338     1.750 333.     8.905     2.192     1.751
     2.263     0.338     1.749 351.     5.887     1.520     0.527
     2.346     0.401     0.354  27.    51.407    17.364     3.318
     2.345     0.401     0.354  45.    40.807    15.430     1.452
     2.346     0.401     0.354  63.    46.728    16.775    16.075
     2.345     0.401     0.354  99.    44.691    21.884    22.266
     2.346     0.401     0.354 117.   109.228    41.285    19.512
     2.346     0.401     0.354 279.    55.720    17.475     8.013
     2.345     0.401     0.354 315.    25.083    14.093     3.882
     2.346     0.401     0.354 333.    42.685    19.083     9.234
     2.352     0.404     0.500   9.    10.523     5.416     9.161
     2.353     0.404     0.500  45.    25.767     8.013     5.093
     2.352     0.404     0.499  63.    32.659    10.888     4.186
     2.352     0.404     0.499  81.    46.314    12.764    10.764
     2.352     0.404     0.500  99.    34.935     9.879    10.256
     2.352     0.404     0.500 117.    42.447    10.557     7.257
     2.352     0.404     0.500 135.    54.654    27.327     8.284
     2.352     0.404     0.499 243.    39.264    13.654     7.399
     2.353     0.404     0.499 261.    44.054    11.403     9.506
     2.352     0.404     0.499 279.    37.624     9.381     5.263
     2.352     0.404     0.499 297.    28.186     7.740     4.280
     2.352     0.404     0.500 315.    36.637    10.579    10.094
     2.352     0.404     0.500 333.    50.755    13.899    14.155
     2.352     0.404     0.500 351.    54.224    14.407     4.954
     2.352     0.404     0.799   9.    32.834     6.544     5.696
     2.353     0.404     0.800  27.    13.859     4.240     4.039
     2.352     0.404     0.800  45.    11.961     4.243     5.636
     2.352     0.404     0.799  63.    23.189     6.408     4.332
     2.352     0.404     0.800  81.    24.844     6.180     5.383
     2.352     0.404     0.799  99.    34.537     6.296     4.749
     2.352     0.404     0.799 117.    31.067     6.215     3.094
     2.352     0.404     0.800 135.    30.606     9.683    10.484
     2.352     0.404     0.800 225.    20.658     7.084     7.507
     2.352     0.404     0.799 243.    35.285     8.623     5.828
     2.352     0.404     0.800 261.    30.001     6.973     2.324
     2.352     0.404     0.799 279.    24.860     5.311     1.217
     2.352     0.404     0.800 297.    21.359     4.990     1.768
     2.352     0.404     0.799 315.    29.491     6.552     2.454
     2.352     0.404     0.800 333.    21.534     6.592     3.366
     2.352     0.404     0.800 351.    44.675     9.315     5.750
     2.352     0.404     1.250   9.    16.313     4.308     7.297
     2.352     0.404     1.249  27.    12.053     3.944     4.294
     2.352     0.404     1.250  45.    28.791     6.549     2.644
     2.352     0.404     1.250  63.    16.568     5.090     8.039
     2.352     0.404     1.249  81.    20.483     4.919     2.219
     2.352     0.404     1.249  99.    23.730     4.655     2.709
     2.352     0.404     1.250 117.    33.948     6.360     1.763
     2.353     0.404     1.249 135.    13.646     6.102     3.239
     2.352     0.404     1.250 225.    18.176     6.427     2.671
     2.352     0.404     1.250 261.    22.902     5.324     2.392
     2.352     0.404     1.250 279.    15.382     3.813     1.717
     2.352     0.404     1.250 297.    28.298     5.386     1.833
     2.352     0.404     1.249 315.    15.931     4.771     3.372
     2.352     0.404     1.249 333.     5.930     3.282     7.762
     2.352     0.404     1.249 351.    22.393     5.039     1.735
     2.352     0.404     1.750   9.    14.501     3.969     3.000
     2.352     0.404     1.750  45.    15.113     4.700     4.270
     2.352     0.404     1.750  63.    18.319     5.699     4.943
     2.352     0.404     1.750  81.    19.496     5.687     6.778
     2.352     0.404     1.750  99.    13.317     3.966    10.439
     2.352     0.404     1.749 243.    19.003     6.723     6.344
     2.352     0.404     1.750 261.    10.690     3.839     2.636
     2.353     0.404     1.750 279.    18.589     4.851     6.034
     2.352     0.404     1.750 315.     8.648     3.742     1.988
     2.352     0.404     1.750 333.    11.953     4.880     3.645
     2.352     0.404     1.750 351.    12.397     4.249     1.458
     2.734     0.339     0.253  63.    15.624     7.652     3.175
     2.734     0.339     0.253  81.    18.971     8.486     4.727
     2.734     0.339     0.253  99.    33.088    11.701     4.284
     2.734     0.339     0.253 117.    21.852    12.621     3.352
     2.734     0.339     0.253 315.    14.345     6.416     5.273
     2.734     0.339     0.253 333.    12.960     6.479     5.389
     2.734     0.339     0.253 351.    15.274     7.636     4.727
     2.734     0.342     0.350   9.    11.997     5.276     5.618
     2.734     0.342     0.350  27.     7.978     3.990     3.357
     2.734     0.342     0.350  45.    12.413     5.067     4.721
     2.734     0.342     0.350  63.    10.751     5.375     3.005
     2.734     0.342     0.349  81.     7.757     4.479     1.096
     2.734     0.342     0.349  99.    11.773     4.806     3.248
     2.734     0.342     0.350 117.    31.258    10.420     2.618
     2.734     0.342     0.349 225.    14.316     8.265     1.929
     2.734     0.342     0.350 279.     9.694     5.445     3.629
     2.734     0.342     0.350 297.    30.558     8.478     5.442
     2.734     0.342     0.349 315.     9.965     4.456     2.535
     2.734     0.342     0.350 333.    12.691     5.675     3.675
     2.734     0.342     0.349 351.    26.356     7.950     2.470
     2.734     0.342     0.499   9.    16.297     4.074     2.882
     2.734     0.342     0.500  27.    13.165     3.627     0.746
     2.734     0.342     0.500  45.    11.704     3.829     1.837
     2.734     0.342     0.499  63.    16.091     4.466     1.862
     2.734     0.342     0.500  81.     7.738     2.924     0.933
     2.734     0.342     0.499  99.    10.482     3.462     4.843
     2.734     0.342     0.499 117.    24.160     6.460     2.656
     2.734     0.342     0.500 135.    17.427     5.255     2.481
     2.734     0.342     0.499 153.    18.016     4.997     1.090
     2.734     0.342     0.499 189.    10.654     4.764     3.673
     2.734     0.342     0.499 207.    20.133     6.712     2.406
     2.734     0.342     0.499 225.    17.014     4.878     3.411
     2.734     0.342     0.500 243.     5.604     2.639     1.870
     2.734     0.342     0.499 261.    12.029     4.009     1.738
     2.734     0.342     0.499 279.    18.080     4.835     2.362
     2.734     0.342     0.499 297.    16.855     4.087     2.696
     2.734     0.342     0.499 315.    13.113     3.613     3.314
     2.734     0.342     0.500 333.    11.243     3.747     1.918
     2.734     0.342     0.499 351.     9.261     3.274     1.819
     2.734     0.342     0.799   9.    10.001     2.085     1.276
     2.734     0.342     0.799  27.    10.716     2.235     1.338
     2.734     0.342     0.800  45.     9.524     2.381     1.615
     2.734     0.342     0.799  63.    15.916     3.183     1.451
     2.734     0.342     0.799  81.    11.746     2.430     0.778
     2.734     0.342     0.799  99.     8.574     2.160     1.038
     2.734     0.342     0.800 117.     9.689     2.796     1.168
     2.734     0.342     0.799 135.     7.912     2.440     0.561
     2.734     0.342     0.799 153.     5.747     1.923     2.328
     2.734     0.342     0.800 171.    10.211     3.610     1.286
     2.734     0.342     0.799 189.     5.779     2.408     1.929
     2.734     0.342     0.800 207.    10.084     3.228     0.910
     2.734     0.342     0.799 225.    10.951     2.723     1.735
     2.734     0.342     0.799 243.     6.014     1.826     1.511
     2.734     0.342     0.799 261.     9.304     2.580     0.932
     2.734     0.342     0.800 279.     7.230     2.147     1.189
     2.734     0.342     0.799 297.    15.916     2.814     1.102
     2.734     0.342     0.799 315.    15.298     2.704     1.671
     2.734     0.342     0.799 333.     8.839     2.282     0.882
     2.734     0.342     0.800 351.    11.227     2.510     2.032
     2.734     0.342     1.249   9.     3.675     1.054     0.294
     2.734     0.342     1.249  27.     3.966     1.244     0.739
     2.734     0.342     1.250  45.    12.306     2.566     1.365
     2.734     0.342     1.249  63.     8.074     2.072     1.296
     2.734     0.342     1.250  81.     4.019     1.220     0.658
     2.734     0.342     1.250  99.     8.088     1.846     1.410
     2.734     0.342     1.250 135.     6.586     2.007     1.020
     2.734     0.342     1.250 153.     6.920     1.997     0.778
     2.734     0.342     1.250 189.     2.983     1.722     1.321
     2.734     0.342     1.249 225.     2.567     1.177     1.252
     2.734     0.342     1.250 243.     9.384     2.110     0.934
     2.734     0.342     1.250 261.     5.749     1.818     0.925
     2.734     0.342     1.250 279.     2.311     1.119     2.001
     2.734     0.342     1.249 297.     4.593     1.441     1.075
     2.734     0.342     1.250 315.     3.998     1.309     1.536
     2.734     0.342     1.249 333.     3.454     1.306     1.625
     2.734     0.342     1.250 351.     6.451     1.665     1.428
     2.734     0.342     1.750  45.     7.063     2.039     0.527
     2.734     0.342     1.750  63.     2.290     1.050     1.642
     2.734     0.342     1.750  81.     1.088     0.625     0.300
     2.734     0.342     1.750  99.     5.317     1.535     0.544
     2.734     0.342     1.750 117.     4.133     1.687     0.269
     2.734     0.342     1.750 135.     4.849     1.714     1.317
     2.734     0.342     1.749 153.     2.774     1.387     0.646
     2.734     0.342     1.750 189.     2.812     1.623     0.391
     2.734     0.342     1.749 225.     6.917     1.996     1.380
     2.734     0.342     1.750 243.     2.944     1.317     0.737
     2.734     0.342     1.749 261.     5.015     1.800     1.359
     2.734     0.342     1.750 279.     3.318     1.337     0.308
     2.734     0.342     1.750 297.     3.756     1.178     0.364
     2.734     0.342     1.750 315.     3.291     1.326     0.689
     2.734     0.342     1.749 333.     2.203     1.079     1.540
     2.734     0.342     1.749 351.     1.783     0.892     0.743
     2.755     0.409     0.357  27.    22.329     9.307     1.830
     2.754     0.409     0.357  81.    40.744    16.632     3.817
     2.754     0.409     0.357 261.    24.780    14.308     4.097
     2.755     0.409     0.357 279.    27.948    10.565     4.510
     2.755     0.409     0.357 297.    18.366     8.995     4.304
     2.767     0.423     0.501   9.    24.494     5.620     1.332
     2.767     0.423     0.501  27.    15.839     4.448     1.929
     2.767     0.423     0.501  45.    21.788     5.566     2.857
     2.767     0.423     0.501  63.    27.725     6.858     6.007
     2.767     0.423     0.501  81.    28.425     6.909     2.192
     2.767     0.423     0.501  99.    33.216     7.121     6.871
     2.767     0.423     0.501 117.    30.972     7.998     3.945
     2.767     0.423     0.501 225.    18.764    10.837     4.291
     2.767     0.423     0.501 243.    32.388     9.449     6.602
     2.767     0.423     0.501 261.    26.308     6.201     4.657
     2.767     0.423     0.501 279.    24.192     5.524     4.954
     2.767     0.423     0.501 297.    14.042     4.230     4.299
     2.767     0.423     0.501 315.     8.451     3.716     3.492
     2.767     0.423     0.501 333.    15.916     5.306     5.313
     2.767     0.423     0.501 351.    23.905     6.548     2.069
     2.768     0.424     0.799   9.    18.287     3.436     1.935
     2.768     0.424     0.800  27.    21.963     3.750     3.035
     2.768     0.424     0.799  45.    16.473     3.794     3.939
     2.768     0.424     0.800  63.    10.191     2.850     2.338
     2.768     0.424     0.799  81.    18.128     3.747     2.593
     2.768     0.424     0.799  99.    27.279     4.116     1.818
     2.768     0.424     0.800 117.    21.024     3.920     2.648
     2.768     0.424     0.799 135.     6.070     3.239     6.716
     2.768     0.424     0.800 225.    15.777     4.417     0.845
     2.768     0.424     0.800 243.    21.550     4.423     2.454
     2.768     0.424     0.799 261.    19.210     3.861     3.293
     2.768     0.424     0.799 279.    17.778     3.314     1.533
     2.768     0.424     0.799 297.    19.544     3.369     1.226
     2.768     0.424     0.800 315.    13.952     3.228     3.907
     2.769     0.424     0.800 333.    22.075     4.370     2.850
     2.768     0.424     0.799 351.    18.462     3.837     3.209
     2.768     0.424     1.250   9.    15.876     2.890     2.225
     2.768     0.424     1.250  27.    15.172     2.956     2.042
     2.768     0.424     1.250  45.     9.097     2.642     8.025
     2.768     0.424     1.250  63.    15.406     3.223     2.803
     2.768     0.424     1.250  81.    20.626     3.443     3.069
     2.768     0.424     1.249  99.    13.003     2.461     1.050
     2.768     0.424     1.250 117.    16.918     3.038     1.010
     2.768     0.424     1.249 135.     5.906     2.709     3.046
     2.768     0.424     1.250 225.     7.679     2.757     2.192
     2.769     0.424     1.250 243.    17.730     3.823     4.743
     2.768     0.424     1.250 261.    17.332     3.406     2.346
     2.768     0.424     1.250 279.     9.231     2.174     1.824
     2.768     0.424     1.250 297.    14.216     2.650     1.479
     2.768     0.424     1.250 315.     7.024     2.192     2.567
     2.768     0.424     1.250 333.    15.731     3.392     5.642
     2.768     0.424     1.249 351.     6.915     2.069     1.784
     2.768     0.424     1.750   9.     8.118     1.969     1.147
     2.768     0.424     1.749  27.     9.812     2.440     0.951
     2.768     0.424     1.750  45.     8.655     2.488     1.983
     2.768     0.424     1.750  63.     7.631     2.440     1.861
     2.768     0.424     1.749  81.     4.945     1.784     2.924
     2.768     0.424     1.750  99.     5.854     1.725     0.617
     2.768     0.424     1.749 117.     8.341     2.270     2.193
     2.768     0.424     1.750 225.     5.769     3.331     0.876
     2.768     0.424     1.750 243.    10.111     3.048     1.481
     2.768     0.424     1.750 261.     6.446     1.972     2.182
     2.768     0.424     1.750 279.     5.489     1.673     1.471
     2.768     0.424     1.750 297.     6.508     1.870     1.542
     2.768     0.424     1.750 315.     7.746     2.457     2.594
     2.769     0.424     1.750 333.     4.480     1.939     2.013
     2.768     0.424     1.749 351.     5.574     1.748     2.020
     3.128     0.362     1.750   9.     7.875     3.937     1.534
     3.128     0.362     1.750  81.    10.181     5.091     1.084
     3.128     0.362     1.749  99.    12.366     5.155     1.075
     3.246     0.430     0.501   9.    18.335     5.220     9.376
     3.246     0.430     0.501  27.    17.587     4.880     0.293
     3.246     0.430     0.501  45.     9.460     3.861     2.039
     3.246     0.430     0.501  63.    19.321     5.828     2.330
     3.246     0.430     0.501  81.    11.970     4.886     3.134
     3.246     0.430     0.501  99.    22.616     6.486     3.250
     3.246     0.430     0.501 117.    16.425     7.350     1.420
     3.246     0.430     0.501 225.    15.675     9.051     2.268
     3.246     0.430     0.501 279.    23.046     6.161     3.463
     3.246     0.430     0.501 297.    12.258     4.160     6.494
     3.246     0.429     0.501 315.    12.753     4.461     3.247
     3.246     0.429     0.501 333.    11.311     4.493     3.388
     3.246     0.430     0.501 351.    17.523     5.282     2.543
     3.246     0.430     0.799   9.     9.946     2.473     2.465
     3.245     0.430     0.800  27.    10.210     2.551     3.196
     3.246     0.430     0.799  45.    10.888     2.892     0.342
     3.246     0.430     0.800  63.    11.290     3.091     4.676
     3.246     0.430     0.800  81.    16.170     3.676     2.478
     3.246     0.430     0.800  99.    11.063     2.765     1.373
     3.246     0.430     0.800 117.    13.967     3.614     2.933
     3.246     0.430     0.800 153.     9.284     4.151     3.408
     3.246     0.430     0.800 189.    10.098     5.048     1.480
     3.246     0.430     0.800 207.     8.857     4.569     2.881
     3.246     0.430     0.799 243.     4.749     2.139     2.074
     3.246     0.430     0.800 261.    11.798     3.406     0.466
     3.245     0.430     0.800 279.    18.542     3.772     0.820
     3.245     0.430     0.800 297.    11.302     2.714     1.420
     3.245     0.430     0.799 315.    10.172     2.702     1.332
     3.246     0.430     0.799 333.    17.268     3.683     1.574
     3.246     0.430     0.799 351.     7.765     2.435     2.348
     3.246     0.430     1.250   9.     6.330     1.692     0.363
     3.245     0.430     1.249  27.     8.155     2.039     0.818
     3.246     0.430     1.250  45.     3.552     1.563     1.124
     3.245     0.430     1.250  63.    13.520     3.107     2.617
     3.245     0.430     1.250  81.    13.885     2.960     1.886
     3.246     0.430     1.250  99.     6.720     1.911     1.584
     3.246     0.430     1.250 117.     7.948     2.451     2.591
     3.245     0.430     1.250 135.     9.354     3.306     2.242
     3.246     0.430     1.249 171.    12.922     6.460     1.760
     3.246     0.430     1.250 189.     7.364     4.251     0.650
     3.245     0.430     1.249 225.     5.930     2.281     2.236
     3.246     0.430     1.249 243.     8.290     2.499     1.985
     3.246     0.430     1.249 261.     8.082     2.620     1.531
     3.245     0.430     1.250 279.    11.214     2.788     0.885
     3.246     0.430     1.250 297.     4.130     1.491     1.794
     3.245     0.430     1.249 315.     9.470     2.430     1.441
     3.246     0.430     1.250 333.     8.739     2.320     2.230
     3.245     0.430     1.250 351.     8.247     2.190     0.824
     3.246     0.430     1.750   9.     3.387     1.265     0.570
     3.246     0.430     1.750  27.     4.054     1.514     1.851
     3.245     0.430     1.750  63.     4.008     1.733     0.824
     3.246     0.430     1.750  81.     2.355     1.189     0.743
     3.246     0.430     1.750  99.     4.413     1.492     1.044
     3.246     0.430     1.750 117.     6.981     2.467     2.521
     3.245     0.430     1.750 225.     4.089     2.045     0.462
     3.246     0.430     1.750 243.     8.246     2.607     1.821
     3.246     0.430     1.750 261.     6.662     2.200     2.779
     3.246     0.430     1.749 279.     4.063     1.614     2.551
     3.246     0.430     1.750 297.     6.548     1.996     1.378
     3.246     0.430     1.750 333.     4.869     1.840     0.799
     3.290     0.493     0.539 333.    67.927    33.964    12.780
     3.303     0.497     0.799   9.    17.603     8.626     7.191
     3.303     0.497     0.800  27.    22.234     8.957    10.030
     3.303     0.497     0.799  81.    31.210    11.800     2.846
     3.303     0.497     0.799  99.    13.676     7.896    55.386
     3.303     0.497     0.799 243.    28.918    16.695     5.198
     3.303     0.497     0.800 279.    19.735     7.948     7.994
     3.303     0.497     0.799 315.    42.097    15.912     8.196
     3.303     0.497     1.250  45.    16.361     8.015     7.054
     3.303     0.497     1.250  63.    27.009    10.211     1.277
     3.303     0.497     1.250  81.    10.160     5.866     3.252
     3.303     0.497     1.250  99.    34.107    10.788     3.006
     3.303     0.497     1.250 117.     8.820     5.093     5.125
     3.303     0.497     1.250 243.    30.987    11.924     8.967
     3.303     0.497     1.250 279.    16.886     7.197     9.368
     3.303     0.496     1.250 315.    16.855     8.434     3.320
     3.303     0.497     1.250 351.    12.134     7.006     1.487
     3.303     0.497     1.750  27.    19.847     8.879     3.649
     3.303     0.497     1.750  63.    17.555     7.856     4.216
     3.303     0.497     1.750  81.    35.539    12.570     7.574
     3.303     0.497     1.749  99.    13.503     6.038     1.720
     3.303     0.497     1.749 117.    16.154     8.340     5.952
     3.303     0.497     1.750 243.    40.728    14.400     3.417
     3.303     0.497     1.749 261.    24.335     9.202     4.934
     3.303     0.497     1.750 279.    15.355     6.868     3.102
     3.303     0.497     1.749 297.    22.361     8.454     1.697
     3.303     0.497     1.749 333.    18.876     9.441     2.944
     3.688     0.450     0.502   9.    15.979     7.998     6.611
     3.688     0.450     0.502  27.    15.144     6.774     1.612
     3.688     0.450     0.502  45.    16.600     8.303     3.476
     3.688     0.450     0.502  81.    20.706    11.962     8.550
     3.688     0.450     0.502 297.    10.339     5.968     1.274
     3.688     0.450     0.502 315.    25.847    10.557     4.219
     3.687     0.450     0.502 333.    13.753     7.940     3.619
     3.688     0.450     0.502 351.    13.008     7.511     3.142
     3.689     0.451     0.799   9.    13.894     4.631     0.632
     3.689     0.451     0.799  45.     5.948     3.435     1.370
     3.689     0.451     0.800  63.     9.890     4.350     3.366
     3.689     0.451     0.800  81.     9.358     4.679     1.631
     3.689     0.451     0.800  99.    27.502     7.353     2.414
     3.688     0.451     0.800 117.    11.066     5.534     1.857
     3.689     0.451     0.800 135.    17.555     8.782     2.539
     3.689     0.451     0.799 225.     9.059     5.230     1.316
     3.689     0.451     0.799 243.     9.662     4.830     1.504
     3.689     0.451     0.800 261.    10.175     5.088     2.387
     3.689     0.451     0.800 315.     8.964     3.942     2.250
     3.689     0.451     0.799 333.     8.978     4.015     1.297
     3.689     0.451     1.250  27.    10.745     3.398     2.026
     3.689     0.451     1.249  45.     7.780     3.479     1.393
     3.689     0.451     1.250  63.     8.714     3.898     2.160
     3.688     0.451     1.249  81.     7.808     3.492     1.021
     3.689     0.451     1.249  99.     8.470     3.457     0.840
     3.689     0.451     1.250 279.    15.995     5.061     2.037
     3.689     0.451     1.249 315.     4.187     2.351     2.591
     3.689     0.451     1.250 333.     6.299     2.817     0.740
     3.689     0.451     1.249 351.     3.608     2.083     1.136
     3.769     0.513     0.801   9.    19.894     5.518     2.145
     3.769     0.513     0.801  27.     5.365     2.682     0.607
     3.769     0.513     0.801  45.    18.351     6.062     7.086
     3.769     0.513     0.801  63.    20.085     6.376     3.794
     3.769     0.513     0.801  81.    12.852     5.747     3.145
     3.769     0.513     0.801  99.     9.758     4.878     1.824
     3.770     0.513     0.801 261.    21.741     6.508     4.130
     3.770     0.513     0.801 279.    14.267     4.756     1.746
     3.769     0.513     0.801 297.    13.624     4.767     4.426
     3.769     0.513     0.801 315.    18.191     6.010     5.930
     3.769     0.513     0.801 333.    24.207     7.299     4.191
     3.769     0.513     0.801 351.    16.425     5.809     1.994
     3.771     0.513     1.249   9.    14.575     3.895     2.335
     3.770     0.513     1.249  27.     7.709     2.879     1.465
     3.770     0.513     1.250  45.    12.023     4.544     3.584
     3.771     0.513     1.250  63.    12.992     4.910     4.119
     3.771     0.513     1.249  81.    11.870     4.195     1.876
     3.771     0.513     1.250  99.    11.889     4.203     3.070
     3.770     0.513     1.250 117.     6.996     3.427     1.041
     3.771     0.513     1.249 243.    19.083     6.546     5.640
     3.771     0.513     1.250 261.     7.113     3.556     1.677
     3.770     0.513     1.250 279.    20.993     5.093     1.441
     3.771     0.513     1.250 297.    13.638     4.111     0.757
     3.771     0.513     1.250 315.     5.316     2.986     2.828
     3.770     0.513     1.250 351.     9.336     3.301     2.632
     3.771     0.513     1.750   9.     6.903     2.578     0.628
     3.770     0.513     1.750  27.     5.080     2.540     1.561
     3.770     0.513     1.750  45.    14.556     5.943     5.060
     3.770     0.513     1.749  63.    14.399     5.090     2.284
     3.770     0.513     1.750  81.     5.843     3.372     1.304
     3.770     0.513     1.750 117.     9.479     3.869     1.335
     3.771     0.513     1.749 261.    14.940     5.227     3.844
     3.770     0.513     1.750 279.    12.594     3.673     1.493
     3.771     0.513     1.750 297.     9.573     3.384     1.662
     3.771     0.513     1.750 315.     7.472     3.659     2.223
     3.771     0.513     1.750 351.    10.866     3.622     3.000
     4.235     0.537     0.815   9.    15.441     6.304     3.107
     4.235     0.537     0.815  27.    11.434     5.029     3.048
     4.235     0.537     0.815  45.     9.053     4.953    11.168
     4.235     0.537     0.815  81.    14.439     8.337     2.779
     4.235     0.537     0.815 279.     9.767     5.639     2.812
     4.235     0.537     0.815 297.    14.244     7.122     2.320
     4.235     0.537     0.815 333.    19.083     7.791     2.839
     4.244     0.539     1.250   9.    11.561     4.087     1.382
     4.244     0.539     1.250  27.    10.745     4.012     2.615
     4.244     0.539     1.250  45.     7.509     3.754     1.872
     4.244     0.539     1.250  81.    14.170     5.785     4.627
     4.244     0.539     1.250  99.    16.122     5.453     0.710
     4.244     0.539     1.250 117.    18.955     8.478     5.453
     4.244     0.539     1.249 261.     9.446     4.722     2.559
     4.244     0.539     1.250 279.    15.301     5.101     2.583
     4.244     0.539     1.250 297.    14.014     5.031     2.168
     4.244     0.539     1.249 315.     6.371     3.578     3.934
     4.244     0.539     1.250 333.    21.168     6.697     2.629
     4.244     0.539     1.750   9.     6.213     2.779     1.838
     4.244     0.539     1.749  45.    14.088     5.325     2.760
     4.244     0.539     1.749  63.    12.586     6.164     4.232
     4.244     0.539     1.750  81.     9.885     4.841     2.034
     4.244     0.539     1.750  99.     5.418     2.995     2.274
     4.244     0.539     1.750 333.    13.122     4.639     1.843
     4.244     0.539     1.749 351.    12.075     4.269     1.507
