1.166  0.133  0.119  9  196.9    80.41  19.73   
1.166  0.133  0.120  27  167.2    63.20  58.00   
1.166  0.133  0.120  45  193.3    68.37  44.11   
1.166  0.133  0.120  81  174.6    71.32  23.13   
1.166  0.133  0.120  99  151.7    66.73  52.33   
1.166  0.133  0.120  117  105.0    60.66  9.720   
1.166  0.133  0.120  225  180.8    80.88  67.62   
1.165  0.133  0.120  243  129.0    74.48  26.35   
1.166  0.133  0.119  261  167.3    68.32  19.98   
1.166  0.133  0.120  279  77.71    44.87  59.66   
1.166  0.133  0.120  297  225.4    92.02  54.45   
1.166  0.133  0.120  333  179.1    67.70  50.28   
1.166  0.133  0.119  351  196.5    69.50  85.22   
1.166  0.133  0.175  9  229.3    93.64  81.15   
1.166  0.133  0.174  27  153.6    68.69  43.03   
1.166  0.133  0.175  63  111.3    64.29  16.37   
1.166  0.133  0.175  81  151.8    61.98  51.99   
1.166  0.133  0.175  117  236.6    96.63  34.17   
1.165  0.133  0.174  135  108.8    61.12  45.55   
1.166  0.133  0.175  153  157.3    70.36  51.51   
1.166  0.133  0.175  207  124.3    62.18  26.64   
1.166  0.133  0.175  225  157.5    78.79  15.86   
1.166  0.133  0.174  261  169.1    69.05  30.99   
1.165  0.133  0.175  279  154.6    63.12  44.42   
1.166  0.133  0.174  297  104.5    60.38  39.42   
1.166  0.133  0.174  315  237.3    79.13  28.71   
1.165  0.133  0.175  333  89.21    51.51  41.30   
1.166  0.133  0.175  351  181.0    80.99  47.74   
1.166  0.133  0.250  9  166.2    58.78  35.61   
1.166  0.133  0.249  27  73.48    32.86  17.45   
1.166  0.133  0.250  63  75.12    37.56  20.55   
1.166  0.133  0.250  81  115.6    38.55  36.90   
1.166  0.133  0.250  99  228.0    55.32  25.60   
1.166  0.133  0.249  117  133.5    50.48  19.89   
1.166  0.133  0.250  135  190.1    54.90  20.84   
1.166  0.133  0.249  153  171.5    54.25  14.52   
1.166  0.133  0.249  189  108.0    48.33  14.19   
1.166  0.133  0.250  207  77.45    34.63  13.16   
1.166  0.133  0.250  225  136.9    51.75  45.10   
1.166  0.133  0.250  243  153.3    50.63  33.15   
1.166  0.133  0.249  261  159.7    46.10  12.48   
1.166  0.133  0.249  279  111.0    39.27  32.15   
1.166  0.133  0.250  297  186.7    56.30  21.73   
1.166  0.133  0.250  315  126.6    42.20  11.49   
1.166  0.133  0.250  333  68.64    30.69  9.374   
1.166  0.133  0.249  351  64.66    37.33  30.65   
1.166  0.133  0.350  9  113.3    42.83  22.54   
1.166  0.133  0.350  27  71.58    32.01  9.028   
1.166  0.133  0.350  45  83.34    37.27  35.48   
1.166  0.133  0.350  63  218.4    60.59  22.03   
1.166  0.133  0.350  81  108.5    36.17  6.910   
1.166  0.133  0.349  99  114.7    40.58  11.37   
1.166  0.133  0.349  117  165.6    55.20  21.57   
1.166  0.133  0.350  135  106.5    40.28  14.17   
1.166  0.133  0.350  153  101.1    40.70  21.14   
1.166  0.133  0.349  171  147.0    60.04  46.50   
1.166  0.133  0.350  189  154.5    54.64  19.07   
1.166  0.133  0.350  207  48.73    27.37  25.70   
1.166  0.133  0.350  225  121.2    49.51  24.33   
1.166  0.133  0.350  243  58.02    29.01  6.101   
1.166  0.133  0.350  261  96.78    34.21  20.97   
1.166  0.133  0.350  279  113.4    40.09  19.55   
1.166  0.133  0.349  315  76.91    31.39  16.20   
1.166  0.133  0.349  333  107.2    40.53  29.44   
1.165  0.133  0.349  351  61.73    35.64  18.51   
1.166  0.133  0.500  9  73.88    23.36  4.860   
1.166  0.133  0.500  27  55.56    18.52  3.327   
1.165  0.133  0.499  45  62.24    20.74  10.12   
1.166  0.133  0.500  63  71.07    22.47  13.64   
1.166  0.133  0.500  81  51.05    17.01  11.24   
1.166  0.133  0.499  99  90.05    24.06  9.780   
1.166  0.133  0.500  117  72.19    26.96  11.19   
1.166  0.133  0.499  135  46.76    18.57  16.52   
1.166  0.133  0.500  153  62.24    23.52  4.492   
1.166  0.133  0.499  171  64.25    28.73  15.57   
1.166  0.133  0.500  189  46.24    18.88  7.680   
1.166  0.133  0.499  207  24.72    13.88  22.63   
1.166  0.133  0.500  225  112.3    35.53  16.45   
1.166  0.133  0.499  243  24.19    13.59  28.69   
1.166  0.133  0.500  261  162.2    31.82  11.44   
1.166  0.133  0.499  279  84.51    25.48  5.153   
1.166  0.133  0.500  297  71.67    21.44  13.59   
1.165  0.133  0.500  315  31.85    12.82  4.061   
1.166  0.133  0.499  333  31.04    13.65  11.01   
1.166  0.133  0.500  351  48.30    19.72  11.12   
1.165  0.133  0.799  9  21.63    7.210  8.799   
1.166  0.133  0.800  27  42.89    10.11  4.128   
1.166  0.133  0.800  45  29.40    10.28  8.302   
1.166  0.133  0.799  63  41.53    11.44  4.777   
1.166  0.133  0.799  81  42.60    11.00  4.595   
1.166  0.133  0.799  99  41.02    12.86  4.863   
1.166  0.133  0.800  117  40.11    13.24  6.957   
1.166  0.133  0.800  135  48.37    12.92  9.384   
1.166  0.133  0.800  153  16.86    8.260  12.72   
1.166  0.133  0.800  171  32.06    12.73  9.535   
1.166  0.133  0.799  189  19.44    7.521  11.34   
1.166  0.133  0.799  207  24.70    9.336  3.551   
1.166  0.133  0.800  225  58.75    17.71  8.917   
1.166  0.133  0.799  243  49.33    13.68  3.420   
1.166  0.133  0.799  261  76.41    16.29  3.409   
1.166  0.133  0.800  279  64.82    15.72  9.636   
1.165  0.133  0.799  297  38.09    10.56  5.025   
1.166  0.133  0.800  315  39.87    9.398  2.232   
1.166  0.133  0.800  333  24.05    8.414  2.062   
1.166  0.133  0.800  351  26.77    9.465  16.22   
1.166  0.133  1.250  9  6.711    3.355  1.759   
1.166  0.133  1.250  27  21.63    7.210  2.638   
1.166  0.133  1.250  45  18.74    7.654  3.237   
1.165  0.133  1.249  63  10.67    5.339  1.483   
1.166  0.133  1.249  81  40.23    10.05  2.528   
1.166  0.133  1.249  99  17.87    7.296  1.755   
1.166  0.133  1.250  135  16.72    6.826  2.028   
1.166  0.133  1.250  153  46.16    13.32  3.560   
1.166  0.133  1.250  189  10.52    4.828  1.806   
1.166  0.133  1.250  225  15.98    7.993  2.690   
1.166  0.133  1.250  243  13.63    6.096  2.977   
1.166  0.133  1.250  261  28.32    8.542  5.828   
1.166  0.133  1.249  279  22.81    9.184  9.646   
1.165  0.133  1.249  297  19.74    6.982  3.990   
1.166  0.133  1.250  351  21.45    7.586  3.064   
1.388  0.170  0.120  9  189.3    71.56  66.81   
1.388  0.170  0.120  27  149.6    55.88  79.23   
1.388  0.170  0.119  45  191.8    63.35  39.61   
1.388  0.170  0.120  63  109.8    54.91  26.09   
1.388  0.170  0.120  81  150.8    66.36  45.81   
1.388  0.170  0.120  117  130.3    58.30  46.26   
1.388  0.170  0.119  135  96.49    55.71  23.21   
1.388  0.170  0.119  153  120.7    53.99  62.36   
1.388  0.170  0.119  171  108.6    62.74  25.10   
1.388  0.170  0.119  225  97.60    56.35  18.79   
1.388  0.170  0.119  261  156.7    59.26  55.35   
1.388  0.170  0.119  279  156.9    64.09  48.54   
1.388  0.170  0.119  297  101.5    58.60  31.47   
1.388  0.170  0.119  333  123.1    49.57  65.91   
1.388  0.170  0.120  351  296.0    89.26  45.50   
1.388  0.170  0.174  27  187.0    59.14  37.87   
1.387  0.169  0.174  81  103.0    50.46  38.33   
1.388  0.170  0.174  117  230.9    87.28  62.02   
1.388  0.170  0.175  153  187.9    71.04  26.40   
1.388  0.170  0.175  171  151.5    75.79  29.46   
1.388  0.170  0.174  189  159.6    71.38  45.15   
1.388  0.170  0.175  225  148.9    74.46  26.93   
1.388  0.170  0.175  243  224.4    84.85  26.53   
1.388  0.170  0.175  261  170.6    64.49  17.47   
1.388  0.170  0.175  279  226.9    80.23  34.49   
1.388  0.170  0.174  297  156.5    70.02  31.13   
1.388  0.170  0.175  315  99.80    44.63  35.34   
1.388  0.170  0.175  351  147.1    60.07  46.57   
1.388  0.170  0.249  9  78.76    29.77  33.02   
1.388  0.170  0.250  27  105.2    30.37  20.92   
1.388  0.170  0.249  45  107.0    33.86  13.49   
1.388  0.170  0.249  63  145.1    43.76  21.12   
1.388  0.170  0.250  81  101.2    31.75  27.49   
1.388  0.170  0.250  99  149.0    39.83  11.35   
1.388  0.170  0.249  117  159.3    50.39  14.20   
1.388  0.170  0.250  135  112.1    41.89  20.60   
1.388  0.170  0.250  153  164.9    47.61  17.13   
1.388  0.170  0.249  171  79.95    39.97  11.30   
1.388  0.170  0.250  189  46.99    27.13  3.414   
1.388  0.170  0.250  207  170.9    51.14  11.79   
1.388  0.170  0.250  225  118.4    49.36  46.06   
1.388  0.170  0.250  243  41.77    24.11  6.040   
1.388  0.170  0.250  261  130.7    37.21  64.43   
1.388  0.170  0.250  279  133.5    41.88  36.14   
1.388  0.170  0.250  297  73.83    30.14  9.483   
1.388  0.170  0.249  315  211.6    44.94  25.45   
1.388  0.170  0.249  333  107.0    32.27  22.43   
1.388  0.170  0.249  351  112.8    37.61  19.78   
1.388  0.170  0.350  9  142.1    37.98  24.27   
1.388  0.170  0.349  27  88.88    28.10  19.42   
1.388  0.170  0.350  45  165.8    44.31  19.94   
1.388  0.170  0.349  63  173.3    47.75  22.16   
1.388  0.170  0.350  81  134.7    34.79  9.592   
1.388  0.170  0.349  99  91.32    31.95  21.59   
1.388  0.170  0.349  117  188.0    56.69  21.64   
1.388  0.170  0.349  135  122.5    43.33  9.531   
1.388  0.170  0.349  153  56.40    27.62  13.62   
1.388  0.170  0.349  171  57.64    32.38  16.95   
1.388  0.170  0.349  189  116.1    41.05  30.38   
1.388  0.170  0.350  207  90.15    36.80  11.93   
1.388  0.170  0.349  225  84.62    42.31  10.49   
1.388  0.170  0.350  243  80.82    32.99  7.471   
1.387  0.170  0.350  261  155.2    41.48  26.02   
1.388  0.170  0.350  279  150.2    43.36  12.05   
1.387  0.169  0.350  297  157.6    42.14  24.24   
1.388  0.170  0.350  315  149.8    36.33  12.23   
1.388  0.170  0.349  333  58.30    23.80  19.39   
1.388  0.170  0.349  351  52.19    25.56  7.432   
1.388  0.170  0.500  9  35.03    12.38  13.38   
1.388  0.170  0.499  27  56.75    15.74  12.03   
1.388  0.169  0.499  45  75.78    21.01  7.907   
1.388  0.170  0.500  63  101.1    25.97  11.28   
1.388  0.169  0.499  81  113.7    23.64  5.823   
1.388  0.170  0.499  99  114.8    26.24  19.71   
1.388  0.170  0.499  117  97.06    29.26  11.18   
1.388  0.170  0.500  135  20.84    11.71  11.16   
1.387  0.169  0.500  153  47.71    17.81  11.25   
1.388  0.170  0.500  171  65.33    23.46  17.56   
1.388  0.170  0.499  189  54.50    17.45  8.114   
1.388  0.170  0.499  207  70.34    21.44  5.852   
1.388  0.170  0.500  243  92.37    23.71  14.07   
1.388  0.170  0.499  261  67.00    20.04  25.30   
1.388  0.170  0.499  279  143.3    31.91  23.53   
1.388  0.170  0.499  297  110.5    24.13  8.498   
1.388  0.170  0.500  315  55.82    15.89  10.37   
1.388  0.170  0.499  333  52.62    15.86  9.838   
1.388  0.170  0.500  351  45.03    15.92  12.61   
1.388  0.170  0.799  9  35.85    8.451  6.714   
1.388  0.170  0.800  27  33.94    8.441  6.831   
1.388  0.170  0.800  45  56.77    13.02  7.914   
1.387  0.169  0.800  63  92.11    15.56  6.500   
1.388  0.170  0.799  81  56.75    12.00  4.120   
1.388  0.170  0.799  99  54.13    13.22  3.805   
1.388  0.169  0.800  117  52.74    14.53  8.306   
1.388  0.170  0.799  135  11.48    6.355  6.615   
1.388  0.169  0.800  153  33.15    11.09  13.26   
1.388  0.169  0.800  171  50.65    13.57  11.60   
1.388  0.170  0.799  189  34.49    9.244  9.369   
1.388  0.170  0.800  207  47.18    11.67  5.751   
1.388  0.170  0.799  225  26.02    10.62  7.233   
1.388  0.170  0.800  243  67.01    14.98  5.443   
1.388  0.170  0.799  261  45.25    12.09  1.627   
1.388  0.170  0.799  279  31.11    10.27  5.871   
1.388  0.170  0.800  297  48.46    10.79  6.877   
1.388  0.170  0.800  315  31.41    8.022  5.283   
1.388  0.170  0.799  333  44.11    10.64  13.59   
1.388  0.170  0.800  351  54.84    11.96  4.359   
1.388  0.170  1.250  9  14.86    4.955  3.961   
1.388  0.170  1.250  27  11.79    4.813  1.343   
1.388  0.170  1.250  45  18.50    7.449  8.402   
1.388  0.170  1.249  63  21.81    7.137  6.608   
1.388  0.170  1.249  81  42.64    9.360  3.535   
1.388  0.170  1.250  99  20.98    7.093  5.127   
1.388  0.170  1.250  117  12.05    6.027  2.512   
1.388  0.169  1.250  135  15.58    6.223  8.025   
1.388  0.170  1.250  153  10.62    6.134  64.03   
1.387  0.170  1.249  171  25.45    8.999  2.930   
1.388  0.169  1.250  189  23.62    7.123  4.813   
1.388  0.170  1.250  225  15.33    7.666  2.765   
1.387  0.170  1.250  243  16.86    7.031  2.950   
1.388  0.170  1.249  261  28.92    8.464  5.425   
1.388  0.170  1.249  279  31.43    9.856  7.571   
1.388  0.170  1.249  297  19.23    6.158  2.454   
1.388  0.170  1.250  315  6.385    3.409  4.643   
1.388  0.170  1.250  333  18.68    6.897  6.247   
1.388  0.170  1.249  351  22.37    7.075  3.505   
1.388  0.170  1.749  27  17.20    6.925  3.771   
1.388  0.170  1.750  63  33.65    9.717  2.196   
1.388  0.169  1.750  117  9.805    5.661  1.757   
1.388  0.170  1.750  135  6.582    3.800  0.953   
1.388  0.170  1.750  225  10.37    5.990  2.397   
1.387  0.169  1.749  243  7.855    4.535  4.959   
1.388  0.170  1.750  261  11.35    5.675  3.422   
1.619  0.187  0.119  45  300.2    113.4  37.95   
1.619  0.187  0.120  81  130.6    75.42  26.75   
1.619  0.187  0.120  117  153.7    88.76  25.39   
1.619  0.187  0.119  243  135.9    78.48  18.42   
1.619  0.187  0.120  279  220.3    98.53  49.52   
1.619  0.187  0.119  351  134.7    77.78  86.74   
1.619  0.187  0.174  27  111.4    64.32  12.30   
1.619  0.187  0.175  81  167.6    96.81  14.80   
1.619  0.187  0.174  99  140.2    80.98  32.75   
1.619  0.187  0.175  153  180.5    104.2  25.06   
1.619  0.187  0.174  243  223.6    111.8  43.54   
1.619  0.187  0.175  297  171.2    98.86  30.26   
1.619  0.187  0.174  351  142.7    82.42  23.87   
1.619  0.187  0.250  27  100.7    41.12  16.50   
1.619  0.187  0.250  45  120.3    49.12  25.78   
1.619  0.187  0.250  81  121.2    48.82  36.87   
1.619  0.187  0.250  99  97.44    48.72  12.56   
1.619  0.187  0.250  135  147.7    66.08  42.28   
1.619  0.187  0.249  171  153.6    76.82  24.21   
1.619  0.187  0.250  207  95.59    47.80  30.40   
1.619  0.187  0.249  243  119.4    53.43  34.22   
1.619  0.187  0.249  261  183.3    61.13  56.10   
1.619  0.187  0.250  279  95.49    47.74  39.67   
1.619  0.187  0.249  297  83.16    40.73  39.51   
1.619  0.187  0.249  315  153.2    51.08  28.18   
1.619  0.187  0.249  333  95.69    36.17  19.69   
1.619  0.187  0.249  351  165.3    58.47  30.18   
1.619  0.187  0.350  9  50.81    29.34  6.561   
1.619  0.187  0.349  27  62.63    31.31  18.43   
1.619  0.187  0.350  63  156.7    55.42  20.82   
1.619  0.187  0.350  81  95.16    42.55  30.03   
1.619  0.187  0.350  99  88.68    44.34  9.747   
1.619  0.187  0.350  135  104.1    52.08  11.67   
1.619  0.187  0.349  153  148.6    66.49  23.81   
1.619  0.187  0.350  207  134.5    54.93  15.68   
1.619  0.187  0.350  225  98.59    56.92  16.62   
1.619  0.187  0.350  261  69.88    39.25  21.94   
1.619  0.187  0.350  279  115.9    51.84  52.60   
1.619  0.187  0.349  297  148.4    52.49  30.45   
1.619  0.187  0.350  315  91.42    37.32  25.12   
1.619  0.187  0.349  333  102.4    38.73  10.89   
1.619  0.187  0.499  9  95.28    26.42  10.55   
1.619  0.187  0.500  27  29.63    14.81  5.173   
1.619  0.187  0.500  45  64.55    24.39  12.99   
1.619  0.187  0.500  63  54.34    23.51  21.84   
1.619  0.187  0.500  81  90.21    28.52  13.98   
1.619  0.187  0.500  99  85.53    32.32  16.24   
1.619  0.187  0.499  135  44.69    25.10  13.36   
1.619  0.187  0.500  171  78.13    34.94  13.22   
1.619  0.187  0.499  207  84.88    30.01  9.924   
1.619  0.187  0.499  225  83.71    34.89  14.18   
1.619  0.187  0.500  261  98.54    32.85  10.36   
1.619  0.187  0.500  297  73.77    26.08  15.42   
1.619  0.187  0.500  315  101.8    26.31  9.630   
1.619  0.187  0.499  333  103.0    27.55  14.30   
1.619  0.187  0.799  9  13.62    6.815  2.956   
1.619  0.187  0.799  27  22.57    9.216  3.802   
1.619  0.187  0.800  45  47.70    15.08  9.708   
1.619  0.187  0.800  63  35.04    13.24  7.175   
1.619  0.187  0.799  81  57.98    16.08  8.152   
1.619  0.187  0.799  99  37.21    15.19  4.247   
1.619  0.187  0.800  117  49.21    20.51  9.700   
1.619  0.187  0.800  135  26.21    13.11  3.955   
1.619  0.187  0.800  153  48.44    18.31  5.826   
1.618  0.187  0.800  171  32.87    13.42  7.496   
1.619  0.187  0.800  207  31.85    13.27  10.22   
1.619  0.187  0.800  225  56.44    19.95  9.889   
1.619  0.187  0.800  243  52.34    17.44  6.092   
1.619  0.187  0.799  261  38.08    15.54  10.54   
1.619  0.187  0.799  279  78.77    21.84  9.794   
1.619  0.187  0.800  297  77.32    17.74  6.385   
1.619  0.187  0.800  315  37.67    11.18  3.766   
1.619  0.187  0.800  333  47.65    15.07  10.87   
1.619  0.187  0.800  351  18.12    8.877  11.80   
1.619  0.187  1.249  27  10.10    5.832  1.082   
1.619  0.187  1.249  45  19.17    8.432  4.487   
1.619  0.187  1.250  63  40.89    13.63  6.191   
1.619  0.187  1.250  135  13.98    8.072  3.116   
1.618  0.187  1.249  189  18.05    8.279  5.786   
1.619  0.187  1.250  243  20.18    9.254  1.841   
1.619  0.187  1.250  261  31.77    11.86  8.426   
1.619  0.187  1.250  279  16.61    9.330  4.312   
1.619  0.187  1.250  297  19.27    8.477  7.514   
1.619  0.187  1.250  315  20.38    7.705  2.963   
1.619  0.187  1.249  333  15.22    7.454  4.027   
1.770  0.223  0.120  9  75.52    37.76  41.28   
1.770  0.223  0.120  45  175.9    50.07  30.56   
1.771  0.223  0.120  99  130.2    46.04  14.93   
1.770  0.223  0.120  243  209.2    66.18  60.59   
1.771  0.223  0.120  261  53.76    31.04  5.898   
1.770  0.223  0.120  315  139.8    46.60  33.22   
1.770  0.223  0.120  351  135.4    51.20  49.64   
1.771  0.224  0.175  9  186.5    59.00  30.67   
1.771  0.224  0.175  45  120.8    45.67  21.04   
1.771  0.224  0.174  63  81.16    39.74  35.01   
1.771  0.224  0.174  81  105.5    43.10  29.95   
1.771  0.224  0.175  99  47.98    27.70  19.40   
1.771  0.224  0.174  117  164.3    62.13  18.07   
1.771  0.224  0.175  135  71.86    41.49  11.27   
1.770  0.224  0.175  153  63.82    35.85  56.21   
1.771  0.224  0.175  171  128.5    64.29  14.53   
1.770  0.224  0.175  243  78.44    39.22  29.34   
1.771  0.224  0.174  261  100.6    41.08  18.67   
1.771  0.224  0.175  297  132.0    49.90  33.01   
1.771  0.224  0.175  315  124.7    41.20  28.91   
1.771  0.224  0.174  333  74.10    35.57  20.20   
1.771  0.224  0.175  351  119.7    48.90  39.21   
1.771  0.224  0.250  9  203.4    37.78  16.33   
1.771  0.224  0.250  27  108.6    26.08  20.59   
1.771  0.224  0.249  45  72.22    23.63  15.84   
1.771  0.224  0.250  63  107.5    31.05  14.51   
1.770  0.224  0.249  81  159.7    35.56  17.24   
1.771  0.224  0.249  99  128.1    31.87  30.00   
1.771  0.224  0.249  117  121.4    38.07  45.83   
1.771  0.224  0.249  135  99.94    33.00  13.28   
1.771  0.224  0.250  153  30.08    16.90  8.016   
1.771  0.224  0.249  171  96.08    36.31  21.44   
1.771  0.224  0.250  189  82.56    27.52  9.985   
1.771  0.224  0.250  207  68.62    25.62  25.26   
1.771  0.224  0.250  225  56.61    25.95  15.85   
1.771  0.224  0.250  243  111.3    30.69  34.97   
1.771  0.224  0.250  261  103.6    29.71  23.45   
1.771  0.224  0.250  279  113.3    34.16  40.13   
1.770  0.224  0.250  297  95.26    27.50  7.534   
1.771  0.224  0.250  315  135.0    29.46  18.03   
1.771  0.224  0.249  333  113.0    28.26  31.78   
1.771  0.224  0.250  351  101.4    29.29  22.74   
1.771  0.224  0.349  9  78.47    22.49  24.68   
1.771  0.224  0.350  27  67.51    20.04  12.14   
1.771  0.224  0.349  45  128.2    31.10  25.12   
1.771  0.224  0.349  63  121.4    32.25  20.15   
1.771  0.224  0.349  81  153.2    34.13  17.00   
1.770  0.224  0.350  99  116.2    32.24  11.03   
1.771  0.224  0.350  117  168.7    46.49  47.19   
1.771  0.224  0.350  135  106.5    30.76  9.918   
1.771  0.224  0.349  153  121.1    32.38  11.05   
1.771  0.224  0.349  171  82.42    30.78  23.76   
1.771  0.224  0.350  189  64.99    22.27  14.69   
1.771  0.224  0.349  207  81.33    26.37  14.31   
1.770  0.224  0.349  225  55.35    24.75  13.64   
1.771  0.224  0.350  243  99.49    29.99  32.17   
1.771  0.224  0.350  261  127.1    33.98  14.88   
1.771  0.224  0.350  279  131.2    37.89  15.19   
1.771  0.224  0.350  297  133.5    31.32  13.43   
1.771  0.224  0.349  315  141.9    28.38  18.90   
1.771  0.224  0.349  333  133.1    30.54  13.83   
1.770  0.224  0.349  351  87.79    25.34  21.95   
1.771  0.224  0.499  9  96.34    17.03  11.32   
1.771  0.224  0.499  27  93.87    17.09  18.32   
1.771  0.224  0.499  45  129.8    23.26  11.40   
1.771  0.224  0.500  63  107.1    20.94  6.401   
1.770  0.224  0.499  81  135.8    21.48  13.37   
1.770  0.224  0.499  99  61.79    16.31  18.05   
1.771  0.224  0.499  117  87.39    22.43  12.04   
1.770  0.224  0.499  135  83.05    18.88  6.144   
1.771  0.224  0.499  153  74.53    18.24  19.50   
1.771  0.224  0.499  171  79.90    20.28  7.646   
1.771  0.224  0.500  189  70.99    16.07  3.616   
1.771  0.224  0.499  207  48.74    14.21  6.197   
1.770  0.224  0.499  225  81.79    20.34  10.73   
1.771  0.224  0.500  243  69.88    17.41  14.31   
1.771  0.224  0.500  261  84.25    19.80  12.66   
1.770  0.224  0.500  279  85.69    20.68  10.12   
1.771  0.224  0.499  297  157.2    23.43  8.583   
1.770  0.224  0.499  315  43.28    11.11  9.980   
1.771  0.224  0.500  333  75.00    16.36  16.43   
1.771  0.224  0.500  351  50.34    13.45  5.702   
1.771  0.224  0.800  9  36.57    7.173  3.766   
1.771  0.224  0.800  27  52.42    8.946  5.721   
1.771  0.224  0.799  45  49.22    10.33  10.89   
1.771  0.224  0.799  63  40.70    9.097  11.76   
1.771  0.224  0.799  81  75.28    11.45  4.322   
1.771  0.224  0.799  99  40.52    9.482  8.656   
1.771  0.224  0.800  117  27.64    8.558  9.990   
1.771  0.224  0.800  135  50.87    10.60  4.932   
1.771  0.224  0.800  153  38.01    9.759  4.464   
1.771  0.224  0.799  171  42.22    10.58  3.713   
1.771  0.224  0.800  189  37.14    8.216  7.747   
1.771  0.224  0.800  207  37.83    9.532  3.755   
1.771  0.224  0.800  225  52.10    11.60  7.608   
1.770  0.224  0.800  243  70.74    12.47  8.142   
1.771  0.224  0.799  261  73.63    13.70  5.396   
1.770  0.224  0.799  279  87.55    15.64  3.480   
1.770  0.224  0.800  297  53.32    9.398  15.79   
1.770  0.224  0.800  315  42.03    7.990  7.647   
1.771  0.224  0.799  333  39.73    8.670  4.550   
1.771  0.224  0.799  351  57.23    10.11  3.765   
1.771  0.224  1.249  9  13.87    3.824  3.633   
1.771  0.224  1.249  27  20.86    5.386  3.567   
1.771  0.224  1.249  45  28.46    7.562  5.624   
1.771  0.224  1.249  63  35.69    8.413  6.820   
1.771  0.224  1.249  81  41.13    7.510  1.870   
1.771  0.224  1.249  99  24.60    6.024  1.941   
1.771  0.224  1.249  117  49.28    10.50  3.759   
1.770  0.224  1.249  135  29.08    7.571  2.387   
1.771  0.224  1.250  153  15.10    5.512  2.522   
1.771  0.224  1.250  171  12.38    5.677  2.412   
1.771  0.224  1.249  189  21.72    6.403  7.392   
1.771  0.224  1.250  207  7.965    4.599  3.457   
1.771  0.224  1.250  225  13.58    5.660  6.080   
1.771  0.224  1.249  243  32.52    7.510  7.241   
1.770  0.224  1.250  261  31.56    7.851  3.676   
1.770  0.224  1.249  279  34.39    8.301  7.315   
1.771  0.224  1.249  297  39.00    7.800  4.807   
1.770  0.224  1.249  315  27.18    6.319  5.933   
1.771  0.224  1.250  333  28.45    7.226  6.559   
1.771  0.224  1.250  351  19.40    5.313  2.476   
1.771  0.224  1.750  27  7.740    3.870  2.672   
1.771  0.224  1.750  45  17.41    6.502  4.747   
1.771  0.224  1.750  63  12.14    4.591  1.737   
1.771  0.224  1.750  81  18.49    4.942  2.757   
1.770  0.224  1.749  99  8.527    3.910  1.577   
1.771  0.224  1.750  117  12.88    5.761  4.723   
1.771  0.224  1.749  135  16.67    5.635  3.685   
1.771  0.224  1.750  153  13.30    5.432  3.180   
1.771  0.224  1.750  243  11.33    4.626  4.758   
1.771  0.224  1.750  261  32.17    8.309  3.403   
1.771  0.224  1.750  279  12.06    4.560  3.239   
1.771  0.224  1.749  297  9.204    3.781  2.544   
1.771  0.224  1.749  315  16.66    5.269  6.550   
1.771  0.224  1.750  333  18.54    7.009  5.831   
1.878  0.271  0.249  9  299.5    72.64  55.55   
1.878  0.271  0.250  27  299.4    72.62  20.98   
1.878  0.271  0.250  45  116.2    45.57  49.62   
1.878  0.271  0.249  63  78.33    45.22  33.01   
1.878  0.271  0.250  81  59.79    34.52  13.66   
1.878  0.271  0.249  99  113.1    42.78  16.65   
1.878  0.271  0.249  117  296.1    81.61  55.27   
1.878  0.271  0.249  135  86.02    49.67  11.84   
1.878  0.271  0.250  153  124.2    50.72  22.57   
1.878  0.271  0.249  171  140.3    81.05  26.88   
1.878  0.271  0.249  189  81.85    47.26  11.30   
1.878  0.271  0.250  225  125.7    56.23  42.71   
1.878  0.271  0.249  243  151.1    52.87  29.32   
1.878  0.271  0.250  261  231.8    73.32  20.81   
1.878  0.271  0.250  297  127.3    48.14  21.40   
1.878  0.271  0.250  333  199.7    66.59  36.67   
1.878  0.271  0.350  9  96.46    37.81  30.52   
1.878  0.271  0.349  27  179.5    51.83  23.44   
1.878  0.271  0.350  45  135.1    51.06  29.62   
1.878  0.271  0.350  63  179.1    66.92  24.51   
1.878  0.271  0.350  81  255.5    67.89  26.77   
1.878  0.271  0.349  99  71.65    35.09  8.249   
1.878  0.271  0.349  117  77.86    44.95  14.68   
1.878  0.271  0.350  135  257.1    77.53  27.22   
1.878  0.271  0.350  171  94.22    54.40  22.59   
1.878  0.271  0.350  225  98.86    48.41  46.04   
1.878  0.271  0.349  243  123.6    43.70  23.17   
1.878  0.271  0.349  261  148.8    56.26  26.63   
1.877  0.271  0.349  279  121.7    54.46  25.30   
1.878  0.271  0.350  297  108.7    43.77  45.23   
1.878  0.271  0.349  315  198.3    54.66  26.41   
1.878  0.271  0.349  333  277.3    74.13  38.79   
1.878  0.271  0.349  351  144.3    54.57  25.62   
1.877  0.271  0.500  9  84.74    24.29  21.82   
1.878  0.271  0.499  27  79.62    23.82  34.81   
1.878  0.271  0.500  45  65.05    25.83  9.555   
1.878  0.271  0.499  63  125.5    37.55  19.34   
1.878  0.271  0.500  81  176.9    39.55  24.20   
1.878  0.271  0.499  99  145.2    35.93  18.21   
1.878  0.271  0.499  117  121.0    38.28  27.71   
1.878  0.271  0.500  135  85.16    30.11  18.99   
1.878  0.271  0.499  153  135.7    36.27  18.99   
1.877  0.271  0.500  171  124.3    43.98  42.98   
1.878  0.271  0.499  189  68.15    23.84  20.40   
1.878  0.271  0.500  207  62.46    27.03  28.64   
1.878  0.271  0.499  225  105.1    31.70  27.37   
1.878  0.271  0.500  243  69.29    25.00  22.87   
1.878  0.271  0.500  261  147.0    42.58  48.06   
1.878  0.271  0.500  279  112.7    37.57  31.01   
1.878  0.271  0.499  297  147.7    35.82  22.97   
1.878  0.271  0.500  315  126.9    31.56  30.84   
1.878  0.271  0.499  333  156.6    38.94  25.11   
1.878  0.271  0.500  351  123.7    32.87  21.76   
1.878  0.271  0.800  9  40.43    11.67  5.854   
1.878  0.271  0.799  27  73.11    16.69  12.70   
1.878  0.271  0.800  45  88.82    23.18  71.71   
1.878  0.271  0.800  63  116.7    28.17  20.38   
1.878  0.271  0.799  81  134.9    24.56  8.908   
1.878  0.271  0.799  99  87.95    20.21  12.34   
1.878  0.271  0.800  117  119.5    28.38  22.32   
1.878  0.271  0.799  135  80.92    21.62  11.15   
1.878  0.271  0.799  153  66.21    18.36  11.89   
1.878  0.271  0.799  171  63.66    23.61  37.78   
1.878  0.271  0.799  189  42.26    14.78  6.595   
1.878  0.271  0.799  207  59.65    20.16  25.38   
1.878  0.271  0.800  225  100.8    23.77  19.58   
1.878  0.271  0.799  243  111.7    22.93  18.20   
1.878  0.271  0.800  261  109.9    26.66  9.133   
1.878  0.271  0.799  279  123.0    26.07  12.16   
1.878  0.271  0.800  297  103.6    22.12  16.69   
1.878  0.271  0.800  315  66.80    16.96  19.83   
1.878  0.271  0.800  333  43.35    14.31  9.344   
1.878  0.271  0.800  351  54.44    15.00  17.07   
1.878  0.271  1.249  9  30.50    9.128  7.257   
1.878  0.271  1.250  27  15.67    7.524  6.135   
1.877  0.271  1.250  45  83.50    21.56  11.47   
1.878  0.271  1.249  63  72.57    19.28  11.30   
1.878  0.271  1.249  81  49.37    12.34  14.62   
1.878  0.271  1.250  99  53.30    13.53  7.852   
1.878  0.271  1.249  135  55.07    15.42  9.724   
1.878  0.271  1.249  153  43.09    14.56  7.800   
1.878  0.271  1.250  189  38.62    17.27  7.063   
1.878  0.271  1.249  207  24.86    14.35  10.31   
1.878  0.271  1.250  225  58.72    15.69  4.722   
1.878  0.271  1.249  243  55.10    14.72  7.389   
1.878  0.271  1.250  261  52.10    16.47  4.914   
1.877  0.271  1.250  279  61.58    15.46  6.662   
1.878  0.271  1.249  297  68.67    15.35  6.051   
1.878  0.271  1.250  315  23.59    10.21  12.11   
1.878  0.271  1.250  351  54.42    14.05  9.157   
1.878  0.271  1.750  45  18.22    9.401  2.986   
1.878  0.271  1.750  63  24.29    10.86  8.430   
1.878  0.271  1.749  81  22.22    8.549  5.083   
1.878  0.271  1.750  99  28.97    11.14  5.405   
1.878  0.271  1.749  117  38.50    17.21  7.221   
1.878  0.271  1.750  243  34.21    12.09  7.240   
1.878  0.271  1.750  261  38.85    16.19  4.342   
1.878  0.271  1.750  279  21.44    8.811  8.612   
1.878  0.271  1.749  315  19.43    9.719  3.113   
1.954  0.313  0.500  9  249.7    111.7  18.95   
1.954  0.313  0.500  27  202.8    101.4  44.15   
1.955  0.313  0.500  81  311.0    127.0  60.74   
1.955  0.313  0.500  117  299.5    133.9  59.29   
1.955  0.313  0.500  135  330.1    165.1  99.87   
1.954  0.313  0.499  153  175.1    101.1  15.64   
1.954  0.313  0.499  261  337.9    168.9  91.81   
1.954  0.313  0.499  297  218.2    109.1  29.28   
1.955  0.313  0.799  9  96.24    48.12  19.98   
1.954  0.313  0.799  81  313.5    90.52  36.43   
1.955  0.313  0.799  99  153.2    62.58  20.54   
1.955  0.313  0.799  135  168.0    75.16  20.11   
1.954  0.313  0.799  225  107.8    53.94  32.12   
1.954  0.313  0.800  243  134.6    60.20  41.63   
1.954  0.313  0.799  279  121.4    60.70  35.65   
1.954  0.313  0.800  297  81.53    45.80  14.74   
1.955  0.313  0.799  351  110.2    55.10  17.31   
1.954  0.313  1.251  27  106.9    53.49  8.133   
1.954  0.313  1.250  45  142.7    71.36  33.36   
1.954  0.313  1.250  63  108.4    53.13  52.47   
1.955  0.313  1.249  81  81.53    37.38  36.48   
1.955  0.313  1.250  99  82.08    41.04  10.34   
1.954  0.313  1.250  117  156.3    69.95  49.28   
1.955  0.313  1.249  153  112.9    56.48  20.02   
1.954  0.313  1.249  225  69.48    40.12  104.7   
1.954  0.313  1.250  261  128.8    64.43  34.95   
1.955  0.313  1.250  333  107.9    62.30  29.36   
2.107  0.238  0.250  9  242.0    121.0  23.27   
2.107  0.238  0.250  81  181.5    104.8  26.65   
2.107  0.238  0.249  261  230.8    115.4  45.92   
2.107  0.238  0.350  9  124.1    71.69  48.06   
2.107  0.238  0.350  279  212.2    106.1  56.20   
2.107  0.238  0.350  297  168.4    84.23  29.05   
2.107  0.238  0.350  333  106.0    61.24  8.697   
2.107  0.238  0.499  9  80.86    40.43  9.673   
2.107  0.238  0.499  27  77.34    34.59  28.62   
2.107  0.238  0.499  45  109.8    54.90  28.09   
2.107  0.238  0.500  63  139.5    62.40  40.61   
2.107  0.238  0.499  81  140.5    62.87  19.69   
2.107  0.238  0.499  171  122.1    70.53  15.89   
2.107  0.238  0.499  207  130.0    75.12  16.98   
2.107  0.238  0.499  243  180.8    80.88  21.80   
2.107  0.238  0.499  279  184.2    69.64  17.47   
2.107  0.238  0.499  315  63.24    31.62  6.582   
2.107  0.238  0.499  333  56.54    32.64  14.82   
2.107  0.238  0.799  9  69.36    24.52  15.24   
2.107  0.238  0.799  45  55.62    24.87  9.005   
2.107  0.238  0.799  99  65.28    32.64  11.62   
2.107  0.238  0.799  117  81.72    36.55  8.732   
2.107  0.238  0.799  207  57.24    33.05  7.660   
2.107  0.238  0.800  243  65.89    32.94  14.02   
2.107  0.238  0.799  279  40.71    23.50  7.148   
2.107  0.238  0.799  297  54.47    24.36  15.26   
2.107  0.238  0.799  333  30.49    17.60  10.07   
2.107  0.238  0.799  351  37.42    18.71  6.970   
2.107  0.238  1.250  9  17.40    10.04  5.732   
2.107  0.238  1.249  27  30.62    13.69  7.796   
2.107  0.238  1.250  117  32.21    18.60  5.885   
2.107  0.238  1.249  135  71.03    29.00  10.53   
2.107  0.238  1.249  171  65.03    37.55  13.93   
2.107  0.238  1.249  333  22.82    13.17  2.860   
2.236  0.276  0.174  9  99.76    57.60  38.96   
2.236  0.276  0.175  27  88.44    49.67  63.44   
2.236  0.276  0.175  45  83.25    48.06  15.04   
2.236  0.276  0.175  99  106.1    61.31  24.07   
2.236  0.276  0.174  225  282.4    163.0  67.72   
2.236  0.276  0.175  243  277.7    113.4  51.63   
2.236  0.276  0.175  333  127.5    63.78  24.08   
2.236  0.276  0.250  9  74.78    30.10  23.28   
2.235  0.276  0.249  27  127.2    38.36  23.41   
2.236  0.276  0.250  63  89.42    36.51  32.07   
2.236  0.276  0.250  81  129.5    43.19  36.69   
2.236  0.276  0.250  99  95.37    33.72  7.261   
2.236  0.276  0.249  117  78.80    38.59  31.64   
2.235  0.276  0.250  153  88.26    38.82  35.39   
2.236  0.276  0.250  225  111.3    48.97  25.95   
2.235  0.276  0.250  243  112.3    39.29  50.61   
2.236  0.276  0.249  261  139.2    46.40  22.15   
2.236  0.276  0.249  279  65.41    32.70  18.78   
2.236  0.276  0.250  297  80.78    32.52  30.64   
2.236  0.276  0.249  333  129.9    43.30  11.96   
2.235  0.276  0.250  351  96.29    39.31  15.04   
2.236  0.276  0.350  9  65.69    26.82  10.46   
2.235  0.276  0.350  27  117.4    33.91  9.314   
2.235  0.276  0.350  45  46.33    24.73  24.02   
2.236  0.276  0.349  63  160.0    50.62  13.48   
2.236  0.276  0.350  81  150.3    44.97  43.03   
2.236  0.276  0.349  99  62.12    27.78  20.34   
2.236  0.276  0.350  117  70.73    35.37  5.828   
2.235  0.276  0.350  135  85.73    38.34  10.71   
2.235  0.276  0.349  171  89.68    44.84  13.67   
2.236  0.276  0.350  207  118.8    52.27  12.83   
2.236  0.276  0.350  243  56.25    27.55  6.507   
2.236  0.276  0.349  261  92.99    37.44  14.02   
2.236  0.276  0.350  279  72.75    32.53  8.693   
2.236  0.276  0.350  297  65.23    29.17  21.84   
2.236  0.276  0.349  315  68.61    27.62  17.16   
2.236  0.276  0.349  333  92.15    34.01  31.14   
2.236  0.276  0.349  351  119.2    39.74  36.45   
2.236  0.276  0.499  9  50.69    15.28  12.81   
2.236  0.276  0.499  27  65.71    17.56  15.27   
2.236  0.276  0.499  45  23.61    12.92  5.948   
2.236  0.276  0.500  63  65.94    22.83  30.42   
2.236  0.276  0.500  81  132.1    29.54  5.846   
2.236  0.276  0.500  99  61.04    19.37  8.185   
2.236  0.276  0.500  117  60.69    22.66  12.96   
2.235  0.276  0.499  135  49.58    20.24  10.77   
2.236  0.276  0.500  153  65.48    21.82  9.339   
2.236  0.276  0.500  207  83.19    31.44  12.14   
2.236  0.276  0.499  225  77.62    25.87  14.62   
2.236  0.276  0.500  243  72.77    21.22  4.755   
2.236  0.276  0.499  261  101.9    28.08  22.06   
2.236  0.276  0.499  279  76.35    25.45  8.146   
2.236  0.276  0.500  297  42.12    15.92  14.30   
2.236  0.276  0.499  315  69.52    18.47  8.933   
2.235  0.276  0.499  333  65.64    19.79  20.70   
2.236  0.276  0.500  351  71.20    20.55  12.99   
2.236  0.276  0.799  9  35.78    8.680  2.684   
2.236  0.276  0.800  27  35.00    8.751  5.074   
2.236  0.276  0.799  45  44.40    12.23  8.782   
2.236  0.276  0.799  63  55.48    14.16  7.646   
2.236  0.276  0.800  81  71.47    14.84  8.389   
2.236  0.276  0.800  99  52.92    13.09  8.923   
2.236  0.276  0.800  117  51.77    15.61  8.441   
2.236  0.276  0.800  135  33.76    11.25  3.363   
2.236  0.276  0.799  153  42.84    13.06  8.322   
2.236  0.276  0.800  171  42.64    16.40  9.371   
2.235  0.276  0.799  189  31.62    12.91  6.676   
2.236  0.276  0.799  207  24.25    12.24  13.45   
2.236  0.276  0.799  225  29.26    11.94  9.102   
2.236  0.276  0.799  243  65.26    14.24  7.451   
2.236  0.276  0.799  261  62.46    15.07  13.55   
2.236  0.276  0.800  279  44.65    13.46  5.419   
2.236  0.276  0.800  297  43.81    11.70  11.59   
2.235  0.276  0.800  315  55.47    11.82  6.253   
2.236  0.276  0.800  333  34.04    10.18  6.885   
2.235  0.276  0.800  351  55.91    11.92  6.305   
2.235  0.276  1.250  9  9.813    4.006  2.645   
2.235  0.276  1.249  27  31.14    8.042  4.971   
2.236  0.276  1.250  45  28.95    9.390  5.430   
2.235  0.276  1.250  63  36.94    10.97  6.172   
2.236  0.276  1.250  81  23.69    7.522  3.665   
2.236  0.276  1.249  99  48.53    10.80  5.772   
2.236  0.276  1.249  117  71.59    16.42  8.908   
2.236  0.276  1.250  135  20.73    7.838  3.523   
2.236  0.276  1.250  153  19.91    8.132  4.045   
2.235  0.276  1.250  171  32.24    16.12  3.409   
2.236  0.276  1.249  207  27.51    12.30  6.942   
2.235  0.276  1.250  243  18.75    7.004  3.464   
2.235  0.276  1.250  261  32.05    9.774  5.539   
2.236  0.276  1.250  279  26.01    9.102  10.36   
2.236  0.276  1.250  297  22.16    7.676  7.162   
2.236  0.276  1.250  315  34.72    9.226  2.501   
2.236  0.276  1.250  333  23.38    7.794  4.315   
2.235  0.276  1.250  351  13.97    5.624  5.525   
2.235  0.276  1.750  9  8.906    4.453  1.250   
2.236  0.276  1.750  45  14.41    7.060  13.29   
2.235  0.276  1.750  81  19.95    6.256  2.972   
2.236  0.276  1.750  99  18.74    7.086  4.328   
2.236  0.276  1.749  117  30.97    11.70  9.803   
2.236  0.276  1.750  153  9.768    5.640  7.834   
2.236  0.276  1.749  171  21.71    12.53  3.878   
2.235  0.276  1.750  225  16.23    7.259  2.295   
2.235  0.276  1.750  279  14.48    6.480  1.451   
2.236  0.276  1.749  315  14.63    6.544  2.529   
2.236  0.276  1.749  351  9.097    5.252  3.495   
2.262  0.334  0.253  9  212.6    54.90  35.38   
2.262  0.334  0.254  27  92.56    32.05  21.93   
2.262  0.334  0.253  45  117.8    36.95  40.56   
2.261  0.334  0.253  63  151.8    48.60  36.75   
2.262  0.334  0.253  81  70.03    33.62  82.66   
2.261  0.334  0.253  99  78.79    35.50  23.25   
2.262  0.334  0.254  135  173.7    100.3  30.75   
2.262  0.334  0.253  243  192.7    68.16  18.99   
2.261  0.334  0.253  279  219.4    54.57  28.42   
2.262  0.334  0.254  297  100.0    33.02  37.51   
2.262  0.334  0.253  315  81.54    30.45  39.05   
2.261  0.334  0.253  333  113.9    42.55  42.88   
2.263  0.338  0.349  9  87.91    29.30  9.908   
2.263  0.338  0.349  27  129.0    35.33  23.56   
2.263  0.338  0.350  45  102.7    32.34  33.30   
2.263  0.338  0.349  63  111.7    39.70  39.86   
2.263  0.338  0.349  81  167.5    45.17  23.63   
2.263  0.338  0.349  99  131.5    34.05  9.602   
2.263  0.338  0.349  117  102.6    33.89  26.66   
2.263  0.338  0.349  135  111.0    49.66  14.56   
2.263  0.338  0.349  207  110.6    63.88  20.94   
2.263  0.338  0.350  225  122.6    44.02  34.57   
2.263  0.338  0.349  243  126.5    38.14  32.84   
2.263  0.338  0.350  261  217.6    54.53  40.30   
2.263  0.338  0.350  279  103.6    32.88  54.16   
2.263  0.338  0.350  297  61.60    23.25  43.35   
2.263  0.338  0.349  315  156.7    39.20  25.36   
2.263  0.338  0.349  333  92.45    34.53  30.79   
2.263  0.338  0.350  351  212.4    53.10  20.98   
2.263  0.338  0.499  9  112.6    22.30  15.64   
2.263  0.338  0.500  27  195.5    28.82  12.01   
2.263  0.338  0.500  45  163.2    30.57  21.48   
2.263  0.338  0.499  63  197.4    34.32  18.71   
2.263  0.338  0.499  81  159.0    27.30  25.41   
2.263  0.338  0.500  99  137.6    25.01  15.25   
2.263  0.338  0.500  117  123.0    27.28  27.23   
2.263  0.338  0.500  135  104.8    27.29  16.03   
2.263  0.338  0.500  153  194.9    37.17  19.98   
2.263  0.338  0.500  189  80.75    31.06  20.90   
2.263  0.338  0.500  207  200.8    51.85  32.09   
2.263  0.338  0.499  225  161.6    28.97  13.78   
2.263  0.338  0.500  243  177.0    29.61  17.64   
2.263  0.338  0.499  261  150.5    31.16  42.71   
2.263  0.338  0.500  279  176.4    29.81  15.01   
2.263  0.338  0.500  297  144.9    25.62  10.93   
2.263  0.338  0.499  315  140.3    26.20  15.26   
2.263  0.338  0.499  333  67.10    20.53  18.53   
2.263  0.338  0.499  351  110.8    25.31  26.45   
2.263  0.338  0.800  9  92.63    12.94  10.59   
2.263  0.338  0.799  27  95.91    14.29  33.38   
2.263  0.338  0.799  45  98.64    17.85  12.57   
2.263  0.338  0.800  63  112.3    19.16  19.90   
2.263  0.338  0.800  81  100.5    14.93  13.11   
2.263  0.338  0.800  99  96.47    14.80  9.300   
2.263  0.338  0.799  117  137.0    21.16  9.050   
2.263  0.338  0.799  135  107.1    18.51  10.50   
2.263  0.338  0.800  153  97.43    17.56  11.82   
2.263  0.338  0.800  171  53.88    21.11  27.87   
2.263  0.338  0.799  189  22.86    11.43  5.341   
2.263  0.338  0.799  207  39.41    15.16  13.69   
2.263  0.338  0.800  225  94.96    15.37  5.289   
2.263  0.338  0.799  243  128.4    18.86  2.952   
2.263  0.338  0.800  261  155.1    23.41  18.39   
2.263  0.338  0.800  279  121.7    17.61  15.74   
2.263  0.338  0.799  297  92.34    14.57  3.749   
2.263  0.338  0.799  315  96.16    16.02  17.56   
2.263  0.338  0.799  333  50.75    12.36  13.66   
2.263  0.338  0.799  351  78.85    13.20  7.040   
2.263  0.338  1.249  9  48.47    8.437  5.679   
2.263  0.338  1.250  27  71.79    12.22  11.35   
2.263  0.338  1.250  45  33.10    9.360  7.899   
2.263  0.338  1.250  63  59.69    12.30  7.470   
2.263  0.338  1.250  81  55.12    9.685  7.544   
2.263  0.338  1.249  99  92.07    12.84  11.12   
2.263  0.338  1.249  117  63.49    13.04  10.89   
2.263  0.338  1.250  135  49.93    11.93  8.979   
2.263  0.338  1.250  153  56.74    13.86  6.975   
2.263  0.338  1.250  171  52.70    23.57  21.32   
2.263  0.338  1.249  207  18.00    9.604  9.800   
2.263  0.338  1.249  225  52.30    11.15  6.745   
2.263  0.338  1.250  243  65.50    12.80  7.974   
2.263  0.338  1.249  261  58.47    12.98  6.619   
2.263  0.338  1.250  279  58.70    10.44  2.415   
2.263  0.338  1.250  297  48.53    9.685  4.225   
2.263  0.338  1.249  315  57.30    12.07  13.42   
2.263  0.338  1.250  333  52.10    12.11  11.18   
2.263  0.338  1.250  351  47.73    9.514  10.45   
2.263  0.338  1.750  9  13.35    5.304  6.203   
2.263  0.338  1.749  27  24.64    7.992  5.909   
2.263  0.338  1.749  45  25.31    8.510  5.748   
2.263  0.338  1.749  63  19.52    7.079  6.122   
2.263  0.338  1.750  81  16.38    5.530  12.18   
2.263  0.338  1.749  99  38.88    8.534  10.58   
2.263  0.338  1.750  135  34.00    10.88  12.30   
2.263  0.338  1.749  207  28.63    16.53  9.233   
2.263  0.338  1.750  225  32.29    9.323  4.060   
2.263  0.338  1.750  243  47.80    12.44  4.554   
2.263  0.338  1.749  261  57.21    12.19  6.482   
2.263  0.338  1.750  279  24.19    6.723  8.456   
2.263  0.338  1.750  297  5.693    3.275  1.584   
2.263  0.338  1.750  315  28.48    8.964  6.476   
2.263  0.338  1.750  333  55.95    13.77  11.00   
2.263  0.338  1.749  351  36.99    9.552  3.311   
2.346  0.401  0.354  27  323.0    109.1  20.85   
2.345  0.401  0.354  45  256.4    96.95  9.123   
2.346  0.401  0.354  63  293.6    105.4  101.0   
2.345  0.401  0.354  99  280.8    137.5  139.9   
2.346  0.401  0.354  117  686.3    259.4  122.6   
2.346  0.401  0.354  279  350.1    109.8  50.35   
2.345  0.401  0.354  315  157.6    88.55  24.39   
2.346  0.401  0.354  333  268.2    119.9  58.02   
2.352  0.404  0.500  9  66.12    34.03  57.56   
2.353  0.404  0.500  45  161.9    50.35  32.00   
2.352  0.404  0.499  63  205.2    68.41  26.30   
2.352  0.404  0.499  81  291.0    80.20  67.63   
2.352  0.404  0.500  99  219.5    62.07  64.44   
2.352  0.404  0.500  117  266.7    66.33  45.60   
2.352  0.404  0.500  135  343.4    171.7  52.05   
2.352  0.404  0.499  243  246.7    85.79  46.49   
2.353  0.404  0.499  261  276.8    71.65  59.73   
2.352  0.404  0.499  279  236.4    58.94  33.07   
2.352  0.404  0.499  297  177.1    48.63  26.89   
2.352  0.404  0.500  315  230.2    66.47  63.42   
2.352  0.404  0.500  333  318.9    87.33  88.94   
2.352  0.404  0.500  351  340.7    90.52  31.13   
2.352  0.404  0.799  9  206.3    41.12  35.79   
2.353  0.404  0.800  27  87.08    26.64  25.38   
2.352  0.404  0.800  45  75.15    26.66  35.41   
2.352  0.404  0.799  63  145.7    40.26  27.22   
2.352  0.404  0.800  81  156.1    38.83  33.82   
2.352  0.404  0.799  99  217.0    39.56  29.84   
2.352  0.404  0.799  117  195.2    39.05  19.44   
2.352  0.404  0.800  135  192.3    60.84  65.87   
2.352  0.404  0.800  225  129.8    44.51  47.17   
2.352  0.404  0.799  243  221.7    54.18  36.62   
2.352  0.404  0.800  261  188.5    43.81  14.60   
2.352  0.404  0.799  279  156.2    33.37  7.645   
2.352  0.404  0.800  297  134.2    31.35  11.11   
2.352  0.404  0.799  315  185.3    41.17  15.42   
2.352  0.404  0.800  333  135.3    41.42  21.15   
2.352  0.404  0.800  351  280.7    58.53  36.13   
2.352  0.404  1.250  9  102.5    27.07  45.85   
2.352  0.404  1.249  27  75.73    24.78  26.98   
2.352  0.404  1.250  45  180.9    41.15  16.61   
2.352  0.404  1.250  63  104.1    31.98  50.51   
2.352  0.404  1.249  81  128.7    30.91  13.94   
2.352  0.404  1.249  99  149.1    29.25  17.02   
2.352  0.404  1.250  117  213.3    39.96  11.08   
2.353  0.404  1.249  135  85.74    38.34  20.35   
2.352  0.404  1.250  225  114.2    40.38  16.78   
2.352  0.404  1.250  261  143.9    33.45  15.03   
2.352  0.404  1.250  279  96.65    23.96  10.79   
2.352  0.404  1.250  297  177.8    33.84  11.52   
2.352  0.404  1.249  315  100.1    29.98  21.19   
2.352  0.404  1.249  333  37.26    20.62  48.77   
2.352  0.404  1.249  351  140.7    31.66  10.90   
2.352  0.404  1.750  9  91.11    24.94  18.85   
2.352  0.404  1.750  45  94.96    29.53  26.83   
2.352  0.404  1.750  63  115.1    35.81  31.06   
2.352  0.404  1.750  81  122.5    35.73  42.59   
2.352  0.404  1.750  99  83.67    24.92  65.59   
2.352  0.404  1.749  243  119.4    42.24  39.86   
2.352  0.404  1.750  261  67.17    24.12  16.56   
2.353  0.404  1.750  279  116.8    30.48  37.91   
2.352  0.404  1.750  315  54.34    23.51  12.49   
2.352  0.404  1.750  333  75.10    30.66  22.90   
2.352  0.404  1.750  351  77.89    26.70  9.164   
2.734  0.339  0.253  63  98.17    48.08  19.95   
2.734  0.339  0.253  81  119.2    53.32  29.70   
2.734  0.339  0.253  99  207.9    73.52  26.92   
2.734  0.339  0.253  117  137.3    79.30  21.06   
2.734  0.339  0.253  315  90.13    40.31  33.13   
2.734  0.339  0.253  333  81.43    40.71  33.86   
2.734  0.339  0.253  351  95.97    47.98  29.70   
2.734  0.342  0.350  9  75.38    33.15  35.30   
2.734  0.342  0.350  27  50.13    25.07  21.09   
2.734  0.342  0.350  45  77.99    31.84  29.66   
2.734  0.342  0.350  63  67.55    33.77  18.88   
2.734  0.342  0.349  81  48.74    28.14  6.885   
2.734  0.342  0.349  99  73.97    30.20  20.41   
2.734  0.342  0.350  117  196.4    65.47  16.45   
2.734  0.342  0.349  225  89.95    51.93  12.12   
2.734  0.342  0.350  279  60.91    34.21  22.80   
2.734  0.342  0.350  297  192.0    53.27  34.19   
2.734  0.342  0.349  315  62.61    28.00  15.93   
2.734  0.342  0.350  333  79.74    35.66  23.09   
2.734  0.342  0.349  351  165.6    49.95  15.52   
2.734  0.342  0.499  9  102.4    25.60  18.11   
2.734  0.342  0.500  27  82.72    22.79  4.685   
2.734  0.342  0.500  45  73.54    24.06  11.54   
2.734  0.342  0.499  63  101.1    28.06  11.70   
2.734  0.342  0.500  81  48.62    18.37  5.861   
2.734  0.342  0.499  99  65.86    21.75  30.43   
2.734  0.342  0.499  117  151.8    40.59  16.69   
2.734  0.342  0.500  135  109.5    33.02  15.59   
2.734  0.342  0.499  153  113.2    31.40  6.847   
2.734  0.342  0.499  189  66.94    29.93  23.08   
2.734  0.342  0.499  207  126.5    42.17  15.12   
2.734  0.342  0.499  225  106.9    30.65  21.43   
2.734  0.342  0.500  243  35.21    16.58  11.75   
2.734  0.342  0.499  261  75.58    25.19  10.92   
2.734  0.342  0.499  279  113.6    30.38  14.84   
2.734  0.342  0.499  297  105.9    25.68  16.94   
2.734  0.342  0.499  315  82.39    22.70  20.82   
2.734  0.342  0.500  333  70.64    23.54  12.05   
2.734  0.342  0.499  351  58.19    20.57  11.43   
2.734  0.342  0.799  9  62.84    13.10  8.020   
2.734  0.342  0.799  27  67.33    14.04  8.407   
2.734  0.342  0.800  45  59.84    14.96  10.15   
2.734  0.342  0.799  63  100.0    20.00  9.118   
2.734  0.342  0.799  81  73.80    15.27  4.891   
2.734  0.342  0.799  99  53.87    13.57  6.521   
2.734  0.342  0.800  117  60.88    17.57  7.336   
2.734  0.342  0.799  135  49.71    15.33  3.527   
2.734  0.342  0.799  153  36.11    12.08  14.63   
2.734  0.342  0.800  171  64.16    22.68  8.083   
2.734  0.342  0.799  189  36.31    15.13  12.12   
2.734  0.342  0.800  207  63.36    20.28  5.719   
2.734  0.342  0.799  225  68.81    17.11  10.90   
2.734  0.342  0.799  243  37.79    11.47  9.491   
2.734  0.342  0.799  261  58.46    16.21  5.856   
2.734  0.342  0.800  279  45.43    13.49  7.473   
2.734  0.342  0.799  297  100.0    17.68  6.921   
2.734  0.342  0.799  315  96.12    16.99  10.50   
2.734  0.342  0.799  333  55.54    14.34  5.539   
2.734  0.342  0.800  351  70.54    15.77  12.77   
2.734  0.342  1.249  9  23.09    6.621  1.850   
2.734  0.342  1.249  27  24.92    7.817  4.641   
2.734  0.342  1.250  45  77.32    16.12  8.579   
2.734  0.342  1.249  63  50.73    13.02  8.141   
2.734  0.342  1.250  81  25.25    7.668  4.132   
2.734  0.342  1.250  99  50.82    11.60  8.859   
2.734  0.342  1.250  135  41.38    12.61  6.411   
2.734  0.342  1.250  153  43.48    12.55  4.887   
2.734  0.342  1.250  189  18.74    10.82  8.300   
2.734  0.342  1.249  225  16.13    7.398  7.869   
2.734  0.342  1.250  243  58.96    13.26  5.868   
2.734  0.342  1.250  261  36.12    11.42  5.812   
2.734  0.342  1.250  279  14.52    7.031  12.57   
2.734  0.342  1.249  297  28.86    9.051  6.753   
2.734  0.342  1.250  315  25.12    8.222  9.654   
2.734  0.342  1.249  333  21.70    8.204  10.21   
2.734  0.342  1.250  351  40.53    10.46  8.971   
2.734  0.342  1.750  45  44.38    12.81  3.314   
2.734  0.342  1.750  63  14.39    6.599  10.32   
2.734  0.342  1.750  81  6.833    3.928  1.887   
2.734  0.342  1.750  99  33.41    9.645  3.416   
2.734  0.342  1.750  117  25.97    10.60  1.689   
2.734  0.342  1.750  135  30.47    10.77  8.277   
2.734  0.342  1.749  153  17.43    8.715  4.062   
2.734  0.342  1.750  189  17.67    10.20  2.459   
2.734  0.342  1.749  225  43.46    12.54  8.671   
2.734  0.342  1.750  243  18.50    8.274  4.633   
2.734  0.342  1.749  261  31.51    11.31  8.540   
2.734  0.342  1.750  279  20.85    8.398  1.936   
2.734  0.342  1.750  297  23.60    7.403  2.286   
2.734  0.342  1.750  315  20.68    8.329  4.326   
2.734  0.342  1.749  333  13.84    6.778  9.675   
2.734  0.342  1.749  351  11.20    5.602  4.667   
2.755  0.409  0.357  27  140.3    58.48  11.50   
2.754  0.409  0.357  81  256.0    104.5  23.98   
2.754  0.409  0.357  261  155.7    89.90  25.74   
2.755  0.409  0.357  279  175.6    66.38  28.34   
2.755  0.409  0.357  297  115.4    56.52  27.04   
2.767  0.423  0.501  9  153.9    35.31  8.368   
2.767  0.423  0.501  27  99.52    27.95  12.12   
2.767  0.423  0.501  45  136.9    34.97  17.95   
2.767  0.423  0.501  63  174.2    43.09  37.74   
2.767  0.423  0.501  81  178.6    43.41  13.77   
2.767  0.423  0.501  99  208.7    44.74  43.17   
2.767  0.423  0.501  117  194.6    50.25  24.79   
2.767  0.423  0.501  225  117.9    68.09  26.96   
2.767  0.423  0.501  243  203.5    59.37  41.48   
2.767  0.423  0.501  261  165.3    38.96  29.26   
2.767  0.423  0.501  279  152.0    34.71  31.13   
2.767  0.423  0.501  297  88.23    26.58  27.01   
2.767  0.423  0.501  315  53.10    23.35  21.94   
2.767  0.423  0.501  333  100.0    33.34  33.38   
2.767  0.423  0.501  351  150.2    41.14  13.00   
2.768  0.424  0.799  9  114.9    21.59  12.16   
2.768  0.424  0.800  27  138.0    23.56  19.07   
2.768  0.424  0.799  45  103.5    23.84  24.75   
2.768  0.424  0.800  63  64.03    17.91  14.69   
2.768  0.424  0.799  81  113.9    23.54  16.29   
2.768  0.424  0.799  99  171.4    25.86  11.42   
2.768  0.424  0.800  117  132.1    24.63  16.64   
2.768  0.424  0.799  135  38.14    20.35  42.20   
2.768  0.424  0.800  225  99.13    27.75  5.308   
2.768  0.424  0.800  243  135.4    27.79  15.42   
2.768  0.424  0.799  261  120.7    24.26  20.69   
2.768  0.424  0.799  279  111.7    20.82  9.629   
2.768  0.424  0.799  297  122.8    21.17  7.701   
2.768  0.424  0.800  315  87.66    20.28  24.55   
2.769  0.424  0.800  333  138.7    27.46  17.91   
2.768  0.424  0.799  351  116.0    24.11  20.16   
2.768  0.424  1.250  9  99.75    18.16  13.98   
2.768  0.424  1.250  27  95.33    18.57  12.83   
2.768  0.424  1.250  45  57.16    16.60  50.42   
2.768  0.424  1.250  63  96.80    20.25  17.61   
2.768  0.424  1.250  81  129.6    21.63  19.28   
2.768  0.424  1.249  99  81.70    15.46  6.595   
2.768  0.424  1.250  117  106.3    19.09  6.343   
2.768  0.424  1.249  135  37.11    17.02  19.14   
2.768  0.424  1.250  225  48.25    17.32  13.77   
2.769  0.424  1.250  243  111.4    24.02  29.80   
2.768  0.424  1.250  261  108.9    21.40  14.74   
2.768  0.424  1.250  279  58.00    13.66  11.46   
2.768  0.424  1.250  297  89.32    16.65  9.295   
2.768  0.424  1.250  315  44.13    13.77  16.13   
2.768  0.424  1.250  333  98.84    21.31  35.45   
2.768  0.424  1.249  351  43.45    13.00  11.21   
2.768  0.424  1.750  9  51.01    12.37  7.209   
2.768  0.424  1.749  27  61.65    15.33  5.975   
2.768  0.424  1.750  45  54.38    15.63  12.46   
2.768  0.424  1.750  63  47.95    15.33  11.69   
2.768  0.424  1.749  81  31.07    11.21  18.37   
2.768  0.424  1.750  99  36.78    10.84  3.878   
2.768  0.424  1.749  117  52.41    14.26  13.78   
2.768  0.424  1.750  225  36.25    20.93  5.507   
2.768  0.424  1.750  243  63.53    19.15  9.304   
2.768  0.424  1.750  261  40.50    12.39  13.71   
2.768  0.424  1.750  279  34.49    10.51  9.243   
2.768  0.424  1.750  297  40.89    11.75  9.688   
2.768  0.424  1.750  315  48.67    15.44  16.30   
2.769  0.424  1.750  333  28.15    12.18  12.65   
2.768  0.424  1.749  351  35.02    10.98  12.69   
3.128  0.362  1.750  9  49.48    24.74  9.639   
3.128  0.362  1.750  81  63.97    31.99  6.812   
3.128  0.362  1.749  99  77.70    32.39  6.753   
3.246  0.430  0.501  9  115.2    32.80  58.91   
3.246  0.430  0.501  27  110.5    30.66  1.839   
3.246  0.430  0.501  45  59.44    24.26  12.81   
3.246  0.430  0.501  63  121.4    36.62  14.64   
3.246  0.430  0.501  81  75.21    30.70  19.69   
3.246  0.430  0.501  99  142.1    40.75  20.42   
3.246  0.430  0.501  117  103.2    46.18  8.924   
3.246  0.430  0.501  225  98.49    56.87  14.25   
3.246  0.430  0.501  279  144.8    38.71  21.76   
3.246  0.430  0.501  297  77.02    26.14  40.80   
3.246  0.429  0.501  315  80.13    28.03  20.40   
3.246  0.429  0.501  333  71.07    28.23  21.29   
3.246  0.430  0.501  351  110.1    33.19  15.98   
3.246  0.430  0.799  9  62.49    15.54  15.49   
3.245  0.430  0.800  27  64.15    16.03  20.08   
3.246  0.430  0.799  45  68.41    18.17  2.149   
3.246  0.430  0.800  63  70.94    19.42  29.38   
3.246  0.430  0.800  81  101.6    23.10  15.57   
3.246  0.430  0.800  99  69.51    17.37  8.626   
3.246  0.430  0.800  117  87.76    22.71  18.43   
3.246  0.430  0.800  153  58.33    26.08  21.41   
3.246  0.430  0.800  189  63.45    31.72  9.296   
3.246  0.430  0.800  207  55.65    28.71  18.10   
3.246  0.430  0.799  243  29.84    13.44  13.03   
3.246  0.430  0.800  261  74.13    21.40  2.926   
3.245  0.430  0.800  279  116.5    23.70  5.153   
3.245  0.430  0.800  297  71.01    17.05  8.924   
3.245  0.430  0.799  315  63.91    16.98  8.367   
3.246  0.430  0.799  333  108.5    23.14  9.889   
3.246  0.430  0.799  351  48.79    15.30  14.75   
3.246  0.430  1.250  9  39.77    10.63  2.278   
3.245  0.430  1.249  27  51.24    12.81  5.142   
3.246  0.430  1.250  45  22.32    9.819  7.062   
3.245  0.430  1.250  63  84.95    19.52  16.44   
3.245  0.430  1.250  81  87.24    18.60  11.85   
3.246  0.430  1.250  99  42.22    12.01  9.953   
3.246  0.430  1.250  117  49.94    15.40  16.28   
3.245  0.430  1.250  135  58.77    20.77  14.09   
3.246  0.430  1.249  171  81.19    40.59  11.06   
3.246  0.430  1.250  189  46.27    26.71  4.086   
3.245  0.430  1.249  225  37.26    14.33  14.05   
3.246  0.430  1.249  243  52.09    15.70  12.47   
3.246  0.430  1.249  261  50.78    16.46  9.621   
3.245  0.430  1.250  279  70.46    17.52  5.559   
3.246  0.430  1.250  297  25.95    9.367  11.27   
3.245  0.430  1.249  315  59.50    15.27  9.051   
3.246  0.430  1.250  333  54.91    14.58  14.01   
3.245  0.430  1.250  351  51.82    13.76  5.180   
3.246  0.430  1.750  9  21.28    7.950  3.580   
3.246  0.430  1.750  27  25.47    9.513  11.63   
3.245  0.430  1.750  63  25.18    10.89  5.175   
3.246  0.430  1.750  81  14.80    7.472  4.667   
3.246  0.430  1.750  99  27.73    9.372  6.557   
3.246  0.430  1.750  117  43.86    15.50  15.84   
3.245  0.430  1.750  225  25.69    12.85  2.905   
3.246  0.430  1.750  243  51.81    16.38  11.44   
3.246  0.430  1.750  261  41.86    13.82  17.46   
3.246  0.430  1.749  279  25.53    10.14  16.03   
3.246  0.430  1.750  297  41.14    12.54  8.656   
3.246  0.430  1.750  333  30.59    11.56  5.020   
3.290  0.493  0.539  333  426.8    213.4  80.30   
3.303  0.497  0.799  9  110.6    54.20  45.18   
3.303  0.497  0.800  27  139.7    56.28  63.02   
3.303  0.497  0.799  81  196.1    74.14  17.88   
3.303  0.497  0.799  99  85.93    49.61  348.0   
3.303  0.497  0.799  243  181.7    104.9  32.66   
3.303  0.497  0.800  279  124.0    49.94  50.23   
3.303  0.497  0.799  315  264.5    99.98  51.50   
3.303  0.497  1.250  45  102.8    50.36  44.32   
3.303  0.497  1.250  63  169.7    64.16  8.022   
3.303  0.497  1.250  81  63.84    36.86  20.43   
3.303  0.497  1.250  99  214.3    67.78  18.89   
3.303  0.497  1.250  117  55.42    32.00  32.20   
3.303  0.497  1.250  243  194.7    74.92  56.34   
3.303  0.497  1.250  279  106.1    45.22  58.86   
3.303  0.496  1.250  315  105.9    52.99  20.86   
3.303  0.497  1.250  351  76.24    44.02  9.344   
3.303  0.497  1.750  27  124.7    55.79  22.93   
3.303  0.497  1.750  63  110.3    49.36  26.49   
3.303  0.497  1.750  81  223.3    78.98  47.59   
3.303  0.497  1.749  99  84.84    37.94  10.81   
3.303  0.497  1.749  117  101.5    52.40  37.40   
3.303  0.497  1.750  243  255.9    90.48  21.47   
3.303  0.497  1.749  261  152.9    57.82  31.00   
3.303  0.497  1.750  279  96.48    43.15  19.49   
3.303  0.497  1.749  297  140.5    53.12  10.66   
3.303  0.497  1.749  333  118.6    59.32  18.50   
3.688  0.450  0.502  9  100.4    50.25  41.54   
3.688  0.450  0.502  27  95.15    42.56  10.13   
3.688  0.450  0.502  45  104.3    52.17  21.84   
3.688  0.450  0.502  81  130.1    75.16  53.72   
3.688  0.450  0.502  297  64.96    37.50  8.006   
3.688  0.450  0.502  315  162.4    66.33  26.51   
3.687  0.450  0.502  333  86.41    49.89  22.74   
3.688  0.450  0.502  351  81.73    47.19  19.74   
3.689  0.451  0.799  9  87.30    29.10  3.971   
3.689  0.451  0.799  45  37.37    21.58  8.605   
3.689  0.451  0.800  63  62.14    27.33  21.15   
3.689  0.451  0.800  81  58.80    29.40  10.25   
3.689  0.451  0.800  99  172.8    46.20  15.17   
3.688  0.451  0.800  117  69.53    34.77  11.67   
3.689  0.451  0.800  135  110.3    55.18  15.95   
3.689  0.451  0.799  225  56.92    32.86  8.271   
3.689  0.451  0.799  243  60.71    30.35  9.452   
3.689  0.451  0.800  261  63.93    31.97  15.00   
3.689  0.451  0.800  315  56.32    24.77  14.14   
3.689  0.451  0.799  333  56.41    25.23  8.151   
3.689  0.451  1.250  27  67.51    21.35  12.73   
3.689  0.451  1.249  45  48.88    21.86  8.755   
3.689  0.451  1.250  63  54.75    24.49  13.57   
3.688  0.451  1.249  81  49.06    21.94  6.418   
3.689  0.451  1.249  99  53.22    21.72  5.279   
3.689  0.451  1.250  279  100.5    31.80  12.80   
3.689  0.451  1.249  315  26.31    14.77  16.28   
3.689  0.451  1.250  333  39.58    17.70  4.648   
3.689  0.451  1.249  351  22.67    13.09  7.138   
3.769  0.513  0.801  9  125.0    34.67  13.48   
3.769  0.513  0.801  27  33.71    16.85  3.813   
3.769  0.513  0.801  45  115.3    38.09  44.52   
3.769  0.513  0.801  63  126.2    40.06  23.84   
3.769  0.513  0.801  81  80.75    36.11  19.76   
3.769  0.513  0.801  99  61.31    30.65  11.46   
3.770  0.513  0.801  261  136.6    40.89  25.95   
3.770  0.513  0.801  279  89.64    29.88  10.97   
3.769  0.513  0.801  297  85.60    29.95  27.81   
3.769  0.513  0.801  315  114.3    37.76  37.26   
3.769  0.513  0.801  333  152.1    45.86  26.33   
3.769  0.513  0.801  351  103.2    36.50  12.53   
3.771  0.513  1.249  9  91.58    24.47  14.67   
3.770  0.513  1.249  27  48.44    18.09  9.207   
3.770  0.513  1.250  45  75.54    28.55  22.52   
3.771  0.513  1.250  63  81.63    30.85  25.88   
3.771  0.513  1.249  81  74.58    26.36  11.79   
3.771  0.513  1.250  99  74.70    26.41  19.29   
3.770  0.513  1.250  117  43.96    21.53  6.542   
3.771  0.513  1.249  243  119.9    41.13  35.44   
3.771  0.513  1.250  261  44.69    22.34  10.54   
3.770  0.513  1.250  279  131.9    32.00  9.051   
3.771  0.513  1.250  297  85.69    25.83  4.756   
3.771  0.513  1.250  315  33.40    18.76  17.77   
3.770  0.513  1.250  351  58.66    20.74  16.54   
3.771  0.513  1.750  9  43.37    16.20  3.943   
3.770  0.513  1.750  27  31.92    15.96  9.808   
3.770  0.513  1.750  45  91.46    37.34  31.79   
3.770  0.513  1.749  63  90.47    31.98  14.35   
3.770  0.513  1.750  81  36.71    21.19  8.195   
3.770  0.513  1.750  117  59.56    24.31  8.388   
3.771  0.513  1.749  261  93.87    32.84  24.15   
3.770  0.513  1.750  279  79.13    23.08  9.381   
3.771  0.513  1.750  297  60.15    21.26  10.44   
3.771  0.513  1.750  315  46.95    22.99  13.97   
3.771  0.513  1.750  351  68.27    22.76  18.85   
4.235  0.537  0.815  9  97.02    39.61  19.52   
4.235  0.537  0.815  27  71.84    31.60  19.15   
4.235  0.537  0.815  45  56.88    31.12  70.17   
4.235  0.537  0.815  81  90.72    52.38  17.46   
4.235  0.537  0.815  279  61.37    35.43  17.67   
4.235  0.537  0.815  297  89.50    44.75  14.58   
4.235  0.537  0.815  333  119.9    48.95  17.84   
4.244  0.539  1.250  9  72.64    25.68  8.684   
4.244  0.539  1.250  27  67.51    25.21  16.43   
4.244  0.539  1.250  45  47.18    23.59  11.76   
4.244  0.539  1.250  81  89.03    36.35  29.07   
4.244  0.539  1.250  99  101.3    34.26  4.462   
4.244  0.539  1.250  117  119.1    53.27  34.26   
4.244  0.539  1.249  261  59.35    29.67  16.08   
4.244  0.539  1.250  279  96.14    32.05  16.23   
4.244  0.539  1.250  297  88.05    31.61  13.62   
4.244  0.539  1.249  315  40.03    22.48  24.72   
4.244  0.539  1.250  333  133.0    42.08  16.52   
4.244  0.539  1.750  9  39.04    17.46  11.55   
4.244  0.539  1.749  45  88.52    33.46  17.34   
4.244  0.539  1.749  63  79.08    38.73  26.59   
4.244  0.539  1.750  81  62.11    30.42  12.78   
4.244  0.539  1.750  99  34.04    18.82  14.29   
4.244  0.539  1.750  333  82.45    29.15  11.58   
4.244  0.539  1.749  351  75.87    26.82  9.467   
