     1.170     0.134     0.120     9.000    29.973     6.386     6.386
     1.170     0.134     0.120    27.000    28.208     5.252     5.252
     1.170     0.134     0.120    45.000    25.353     4.409     4.409
     1.170     0.134     0.120    63.000    22.498     5.252     5.252
     1.170     0.134     0.120    81.000    20.734     6.386     6.386
     1.170     0.134     0.120    99.000    20.734     6.386     6.386
     1.170     0.134     0.120   117.000    22.498     5.252     5.252
     1.170     0.134     0.120   135.000    25.353     4.409     4.409
     1.170     0.134     0.120   153.000    28.208     5.252     5.252
     1.170     0.134     0.120   171.000    29.973     6.386     6.386
     1.170     0.134     0.120   189.000    29.973     6.386     6.386
     1.170     0.134     0.120   207.000    28.208     5.252     5.252
     1.170     0.134     0.120   225.000    25.353     4.409     4.409
     1.170     0.134     0.120   243.000    22.498     5.252     5.252
     1.170     0.134     0.120   261.000    20.734     6.386     6.386
     1.170     0.134     0.120   279.000    20.734     6.386     6.386
     1.170     0.134     0.120   297.000    22.498     5.252     5.252
     1.170     0.134     0.120   315.000    25.354     4.409     4.409
     1.170     0.134     0.120   333.000    28.208     5.252     5.252
     1.170     0.134     0.120   351.000    29.973     6.386     6.386
     1.170     0.134     0.170     9.000    22.805     2.874     2.874
     1.170     0.134     0.170    27.000    22.891     2.868     2.868
     1.170     0.134     0.170    45.000    23.030     2.865     2.865
     1.170     0.134     0.170    63.000    23.169     2.868     2.868
     1.170     0.134     0.170    81.000    23.254     2.874     2.874
     1.170     0.134     0.170    99.000    23.254     2.874     2.874
     1.170     0.134     0.170   117.000    23.169     2.868     2.868
     1.170     0.134     0.170   135.000    23.030     2.865     2.865
     1.170     0.134     0.170   153.000    22.891     2.868     2.868
     1.170     0.134     0.170   171.000    22.805     2.874     2.874
     1.170     0.134     0.170   189.000    22.805     2.874     2.874
     1.170     0.134     0.170   207.000    22.891     2.868     2.868
     1.170     0.134     0.170   225.000    23.030     2.865     2.865
     1.170     0.134     0.170   243.000    23.169     2.868     2.868
     1.170     0.134     0.170   261.000    23.254     2.874     2.874
     1.170     0.134     0.170   279.000    23.254     2.874     2.874
     1.170     0.134     0.170   297.000    23.169     2.868     2.868
     1.170     0.134     0.170   315.000    23.030     2.865     2.865
     1.170     0.134     0.170   333.000    22.891     2.868     2.868
     1.170     0.134     0.170   351.000    22.805     2.874     2.874
     1.170     0.134     0.250     9.000    14.927     4.085     4.085
     1.170     0.134     0.250    27.000    16.357     2.835     2.835
     1.170     0.134     0.250    45.000    18.669     1.639     1.639
     1.170     0.134     0.250    63.000    20.981     2.835     2.835
     1.170     0.134     0.250    81.000    22.410     4.085     4.085
     1.170     0.134     0.250    99.000    22.410     4.085     4.085
     1.170     0.134     0.250   117.000    20.981     2.835     2.835
     1.170     0.134     0.250   135.000    18.669     1.639     1.639
     1.170     0.134     0.250   153.000    16.357     2.835     2.835
     1.170     0.134     0.250   171.000    14.927     4.085     4.085
     1.170     0.134     0.250   189.000    14.927     4.085     4.085
     1.170     0.134     0.250   207.000    16.357     2.835     2.835
     1.170     0.134     0.250   225.000    18.669     1.639     1.639
     1.170     0.134     0.250   243.000    20.981     2.835     2.835
     1.170     0.134     0.250   261.000    22.410     4.085     4.085
     1.170     0.134     0.250   279.000    22.410     4.085     4.085
     1.170     0.134     0.250   297.000    20.982     2.835     2.835
     1.170     0.134     0.250   315.000    18.669     1.639     1.639
     1.170     0.134     0.250   333.000    16.356     2.835     2.835
     1.170     0.134     0.250   351.000    14.927     4.085     4.085
     1.170     0.134     0.350     9.000    13.409     2.091     2.091
     1.170     0.134     0.350    27.000    14.001     1.698     1.698
     1.170     0.134     0.350    45.000    14.961     1.401     1.401
     1.170     0.134     0.350    63.000    15.920     1.698     1.698
     1.170     0.134     0.350    81.000    16.513     2.091     2.091
     1.170     0.134     0.350    99.000    16.513     2.091     2.091
     1.170     0.134     0.350   117.000    15.920     1.698     1.698
     1.170     0.134     0.350   135.000    14.961     1.401     1.401
     1.170     0.134     0.350   153.000    14.001     1.698     1.698
     1.170     0.134     0.350   171.000    13.409     2.091     2.091
     1.170     0.134     0.350   189.000    13.409     2.091     2.091
     1.170     0.134     0.350   207.000    14.001     1.698     1.698
     1.170     0.134     0.350   225.000    14.961     1.401     1.401
     1.170     0.134     0.350   243.000    15.920     1.698     1.698
     1.170     0.134     0.350   261.000    16.513     2.091     2.091
     1.170     0.134     0.350   279.000    16.513     2.091     2.091
     1.170     0.134     0.350   297.000    15.920     1.698     1.698
     1.170     0.134     0.350   315.000    14.960     1.401     1.401
     1.170     0.134     0.350   333.000    14.001     1.698     1.698
     1.170     0.134     0.350   351.000    13.409     2.091     2.091
     1.170     0.134     0.500     9.000     6.351     1.909     1.909
     1.170     0.134     0.500    27.000     7.032     1.297     1.297
     1.170     0.134     0.500    45.000     8.133     0.684     0.684
     1.170     0.134     0.500    63.000     9.234     1.297     1.297
     1.170     0.134     0.500    81.000     9.915     1.909     1.909
     1.170     0.134     0.500    99.000     9.915     1.909     1.909
     1.170     0.134     0.500   117.000     9.234     1.297     1.297
     1.170     0.134     0.500   135.000     8.133     0.684     0.684
     1.170     0.134     0.500   153.000     7.032     1.297     1.297
     1.170     0.134     0.500   171.000     6.351     1.909     1.909
     1.170     0.134     0.500   189.000     6.351     1.909     1.909
     1.170     0.134     0.500   207.000     7.032     1.297     1.297
     1.170     0.134     0.500   225.000     8.133     0.684     0.684
     1.170     0.134     0.500   243.000     9.234     1.297     1.297
     1.170     0.134     0.500   261.000     9.915     1.909     1.909
     1.170     0.134     0.500   279.000     9.915     1.909     1.909
     1.170     0.134     0.500   297.000     9.234     1.297     1.297
     1.170     0.134     0.500   315.000     8.133     0.684     0.684
     1.170     0.134     0.500   333.000     7.032     1.297     1.297
     1.170     0.134     0.500   351.000     6.351     1.909     1.909
     1.170     0.134     0.800     9.000     3.656     2.159     2.159
     1.170     0.134     0.800    27.000     4.466     1.370     1.370
     1.170     0.134     0.800    45.000     5.777     0.398     0.398
     1.170     0.134     0.800    63.000     7.089     1.370     1.370
     1.170     0.134     0.800    81.000     7.899     2.159     2.159
     1.170     0.134     0.800    99.000     7.899     2.159     2.159
     1.170     0.134     0.800   117.000     7.089     1.370     1.370
     1.170     0.134     0.800   135.000     5.777     0.398     0.398
     1.170     0.134     0.800   153.000     4.466     1.370     1.370
     1.170     0.134     0.800   171.000     3.656     2.159     2.159
     1.170     0.134     0.800   189.000     3.656     2.159     2.159
     1.170     0.134     0.800   207.000     4.466     1.370     1.370
     1.170     0.134     0.800   225.000     5.777     0.398     0.398
     1.170     0.134     0.800   243.000     7.089     1.370     1.370
     1.170     0.134     0.800   261.000     7.899     2.159     2.159
     1.170     0.134     0.800   279.000     7.899     2.159     2.159
     1.170     0.134     0.800   297.000     7.089     1.370     1.370
     1.170     0.134     0.800   315.000     5.777     0.398     0.398
     1.170     0.134     0.800   333.000     4.466     1.370     1.370
     1.170     0.134     0.800   351.000     3.656     2.159     2.159
     1.170     0.134     1.250     9.000     1.862     0.765     0.765
     1.170     0.134     1.250    27.000     2.136     0.519     0.519
     1.170     0.134     1.250    45.000     2.578     0.271     0.271
     1.170     0.134     1.250    63.000     3.021     0.519     0.519
     1.170     0.134     1.250    81.000     3.294     0.765     0.765
     1.170     0.134     1.250    99.000     3.294     0.765     0.765
     1.170     0.134     1.250   117.000     3.021     0.519     0.519
     1.170     0.134     1.250   135.000     2.578     0.271     0.271
     1.170     0.134     1.250   153.000     2.136     0.519     0.519
     1.170     0.134     1.250   171.000     1.862     0.765     0.765
     1.170     0.134     1.250   189.000     1.862     0.765     0.765
     1.170     0.134     1.250   207.000     2.136     0.519     0.519
     1.170     0.134     1.250   225.000     2.578     0.271     0.271
     1.170     0.134     1.250   243.000     3.021     0.519     0.519
     1.170     0.134     1.250   261.000     3.294     0.765     0.765
     1.170     0.134     1.250   279.000     3.294     0.765     0.765
     1.170     0.134     1.250   297.000     3.021     0.519     0.519
     1.170     0.134     1.250   315.000     2.578     0.271     0.271
     1.170     0.134     1.250   333.000     2.136     0.519     0.519
     1.170     0.134     1.250   351.000     1.862     0.765     0.765
     1.390     0.170     0.120     9.000    22.330     2.657     2.657
     1.390     0.170     0.120    27.000    21.953     2.541     2.541
     1.390     0.170     0.120    45.000    21.343     2.467     2.467
     1.390     0.170     0.120    63.000    20.732     2.541     2.541
     1.390     0.170     0.120    81.000    20.355     2.657     2.657
     1.390     0.170     0.120    99.000    20.355     2.657     2.657
     1.390     0.170     0.120   117.000    20.732     2.541     2.541
     1.390     0.170     0.120   135.000    21.343     2.467     2.467
     1.390     0.170     0.120   153.000    21.953     2.541     2.541
     1.390     0.170     0.120   171.000    22.330     2.657     2.657
     1.390     0.170     0.120   189.000    22.330     2.657     2.657
     1.390     0.170     0.120   207.000    21.953     2.541     2.541
     1.390     0.170     0.120   225.000    21.343     2.467     2.467
     1.390     0.170     0.120   243.000    20.732     2.541     2.541
     1.390     0.170     0.120   261.000    20.355     2.657     2.657
     1.390     0.170     0.120   279.000    20.355     2.657     2.657
     1.390     0.170     0.120   297.000    20.732     2.541     2.541
     1.390     0.170     0.120   315.000    21.343     2.467     2.467
     1.390     0.170     0.120   333.000    21.953     2.541     2.541
     1.390     0.170     0.120   351.000    22.330     2.657     2.657
     1.390     0.170     0.170     9.000    24.866     2.897     2.897
     1.390     0.170     0.170    27.000    24.876     2.897     2.897
     1.390     0.170     0.170    45.000    24.892     2.897     2.897
     1.390     0.170     0.170    63.000    24.908     2.897     2.897
     1.390     0.170     0.170    81.000    24.918     2.897     2.897
     1.390     0.170     0.170    99.000    24.918     2.897     2.897
     1.390     0.170     0.170   117.000    24.908     2.897     2.897
     1.390     0.170     0.170   135.000    24.892     2.897     2.897
     1.390     0.170     0.170   153.000    24.876     2.897     2.897
     1.390     0.170     0.170   171.000    24.866     2.897     2.897
     1.390     0.170     0.170   189.000    24.866     2.897     2.897
     1.390     0.170     0.170   207.000    24.876     2.897     2.897
     1.390     0.170     0.170   225.000    24.892     2.897     2.897
     1.390     0.170     0.170   243.000    24.908     2.897     2.897
     1.390     0.170     0.170   261.000    24.918     2.897     2.897
     1.390     0.170     0.170   279.000    24.918     2.897     2.897
     1.390     0.170     0.170   297.000    24.908     2.897     2.897
     1.390     0.170     0.170   315.000    24.892     2.897     2.897
     1.390     0.170     0.170   333.000    24.876     2.897     2.897
     1.390     0.170     0.170   351.000    24.866     2.897     2.897
     1.390     0.170     0.250     9.000    14.714     1.958     1.958
     1.390     0.170     0.250    27.000    15.283     1.571     1.571
     1.390     0.170     0.250    45.000    16.202     1.273     1.273
     1.390     0.170     0.250    63.000    17.122     1.571     1.571
     1.390     0.170     0.250    81.000    17.690     1.958     1.958
     1.390     0.170     0.250    99.000    17.690     1.958     1.958
     1.390     0.170     0.250   117.000    17.122     1.571     1.571
     1.390     0.170     0.250   135.000    16.202     1.273     1.273
     1.390     0.170     0.250   153.000    15.283     1.571     1.571
     1.390     0.170     0.250   171.000    14.714     1.958     1.958
     1.390     0.170     0.250   189.000    14.714     1.958     1.958
     1.390     0.170     0.250   207.000    15.283     1.571     1.571
     1.390     0.170     0.250   225.000    16.202     1.273     1.273
     1.390     0.170     0.250   243.000    17.122     1.571     1.571
     1.390     0.170     0.250   261.000    17.690     1.958     1.958
     1.390     0.170     0.250   279.000    17.690     1.958     1.958
     1.390     0.170     0.250   297.000    17.122     1.571     1.571
     1.390     0.170     0.250   315.000    16.202     1.273     1.273
     1.390     0.170     0.250   333.000    15.283     1.571     1.571
     1.390     0.170     0.250   351.000    14.714     1.958     1.958
     1.390     0.170     0.350     9.000    11.443     5.358     5.358
     1.390     0.170     0.350    27.000    13.431     3.459     3.459
     1.390     0.170     0.350    45.000    16.648     1.273     1.273
     1.390     0.170     0.350    63.000    19.864     3.459     3.459
     1.390     0.170     0.350    81.000    21.852     5.358     5.358
     1.390     0.170     0.350    99.000    21.852     5.358     5.358
     1.390     0.170     0.350   117.000    19.864     3.459     3.459
     1.390     0.170     0.350   135.000    16.648     1.273     1.273
     1.390     0.170     0.350   153.000    13.431     3.459     3.459
     1.390     0.170     0.350   171.000    11.443     5.358     5.358
     1.390     0.170     0.350   189.000    11.443     5.358     5.358
     1.390     0.170     0.350   207.000    13.431     3.459     3.459
     1.390     0.170     0.350   225.000    16.648     1.273     1.273
     1.390     0.170     0.350   243.000    19.864     3.459     3.459
     1.390     0.170     0.350   261.000    21.852     5.358     5.358
     1.390     0.170     0.350   279.000    21.852     5.358     5.358
     1.390     0.170     0.350   297.000    19.864     3.459     3.459
     1.390     0.170     0.350   315.000    16.647     1.273     1.273
     1.390     0.170     0.350   333.000    13.431     3.459     3.459
     1.390     0.170     0.350   351.000    11.443     5.358     5.358
     1.390     0.170     0.500     9.000     6.215     4.239     4.239
     1.390     0.170     0.500    27.000     7.811     2.679     2.679
     1.390     0.170     0.500    45.000    10.393     0.716     0.716
     1.390     0.170     0.500    63.000    12.975     2.679     2.679
     1.390     0.170     0.500    81.000    14.570     4.239     4.239
     1.390     0.170     0.500    99.000    14.570     4.239     4.239
     1.390     0.170     0.500   117.000    12.975     2.679     2.679
     1.390     0.170     0.500   135.000    10.393     0.716     0.716
     1.390     0.170     0.500   153.000     7.811     2.679     2.679
     1.390     0.170     0.500   171.000     6.215     4.239     4.239
     1.390     0.170     0.500   189.000     6.215     4.239     4.239
     1.390     0.170     0.500   207.000     7.811     2.679     2.679
     1.390     0.170     0.500   225.000    10.393     0.716     0.716
     1.390     0.170     0.500   243.000    12.975     2.679     2.679
     1.390     0.170     0.500   261.000    14.570     4.239     4.239
     1.390     0.170     0.500   279.000    14.570     4.239     4.239
     1.390     0.170     0.500   297.000    12.975     2.680     2.680
     1.390     0.170     0.500   315.000    10.393     0.716     0.716
     1.390     0.170     0.500   333.000     7.811     2.679     2.679
     1.390     0.170     0.500   351.000     6.215     4.239     4.239
     1.390     0.170     0.800     9.000     5.434     0.862     0.862
     1.390     0.170     0.800    27.000     5.729     0.612     0.612
     1.390     0.170     0.800    45.000     6.207     0.382     0.382
     1.390     0.170     0.800    63.000     6.685     0.612     0.612
     1.390     0.170     0.800    81.000     6.980     0.862     0.862
     1.390     0.170     0.800    99.000     6.980     0.862     0.862
     1.390     0.170     0.800   117.000     6.685     0.612     0.612
     1.390     0.170     0.800   135.000     6.207     0.382     0.382
     1.390     0.170     0.800   153.000     5.729     0.612     0.612
     1.390     0.170     0.800   171.000     5.434     0.862     0.862
     1.390     0.170     0.800   189.000     5.434     0.862     0.862
     1.390     0.170     0.800   207.000     5.729     0.612     0.612
     1.390     0.170     0.800   225.000     6.207     0.382     0.382
     1.390     0.170     0.800   243.000     6.685     0.612     0.612
     1.390     0.170     0.800   261.000     6.980     0.862     0.862
     1.390     0.170     0.800   279.000     6.980     0.862     0.862
     1.390     0.170     0.800   297.000     6.685     0.612     0.612
     1.390     0.170     0.800   315.000     6.207     0.382     0.382
     1.390     0.170     0.800   333.000     5.729     0.612     0.612
     1.390     0.170     0.800   351.000     5.434     0.862     0.862
     1.390     0.170     1.250     9.000     2.300     0.457     0.457
     1.390     0.170     1.250    27.000     2.449     0.339     0.339
     1.390     0.170     1.250    45.000     2.690     0.239     0.239
     1.390     0.170     1.250    63.000     2.931     0.339     0.339
     1.390     0.170     1.250    81.000     3.080     0.457     0.457
     1.390     0.170     1.250    99.000     3.080     0.457     0.457
     1.390     0.170     1.250   117.000     2.931     0.339     0.339
     1.390     0.170     1.250   135.000     2.690     0.239     0.239
     1.390     0.170     1.250   153.000     2.449     0.339     0.339
     1.390     0.170     1.250   171.000     2.300     0.457     0.457
     1.390     0.170     1.250   189.000     2.300     0.457     0.457
     1.390     0.170     1.250   207.000     2.449     0.339     0.339
     1.390     0.170     1.250   225.000     2.690     0.239     0.239
     1.390     0.170     1.250   243.000     2.931     0.339     0.339
     1.390     0.170     1.250   261.000     3.080     0.457     0.457
     1.390     0.170     1.250   279.000     3.080     0.457     0.457
     1.390     0.170     1.250   297.000     2.931     0.339     0.339
     1.390     0.170     1.250   315.000     2.690     0.239     0.239
     1.390     0.170     1.250   333.000     2.449     0.339     0.339
     1.390     0.170     1.250   351.000     2.300     0.457     0.457
     1.620     0.187     0.250     9.000    19.232     2.399     2.399
     1.620     0.187     0.250    27.000    19.005     2.353     2.353
     1.620     0.187     0.250    45.000    18.637     2.324     2.324
     1.620     0.187     0.250    63.000    18.270     2.353     2.353
     1.620     0.187     0.250    81.000    18.042     2.399     2.399
     1.620     0.187     0.250    99.000    18.042     2.399     2.399
     1.620     0.187     0.250   117.000    18.270     2.353     2.353
     1.620     0.187     0.250   135.000    18.637     2.324     2.324
     1.620     0.187     0.250   153.000    19.005     2.353     2.353
     1.620     0.187     0.250   171.000    19.232     2.399     2.399
     1.620     0.187     0.250   189.000    19.232     2.399     2.399
     1.620     0.187     0.250   207.000    19.005     2.353     2.353
     1.620     0.187     0.250   225.000    18.637     2.324     2.324
     1.620     0.187     0.250   243.000    18.270     2.353     2.353
     1.620     0.187     0.250   261.000    18.042     2.399     2.399
     1.620     0.187     0.250   279.000    18.042     2.399     2.399
     1.620     0.187     0.250   297.000    18.269     2.353     2.353
     1.620     0.187     0.250   315.000    18.637     2.324     2.324
     1.620     0.187     0.250   333.000    19.005     2.353     2.353
     1.620     0.187     0.250   351.000    19.232     2.399     2.399
     1.620     0.187     0.350     9.000    14.503     2.399     2.399
     1.620     0.187     0.350    27.000    14.945     2.219     2.219
     1.620     0.187     0.350    45.000    15.661     2.101     2.101
     1.620     0.187     0.350    63.000    16.376     2.219     2.219
     1.620     0.187     0.350    81.000    16.819     2.399     2.399
     1.620     0.187     0.350    99.000    16.819     2.399     2.399
     1.620     0.187     0.350   117.000    16.376     2.219     2.219
     1.620     0.187     0.350   135.000    15.661     2.101     2.101
     1.620     0.187     0.350   153.000    14.945     2.219     2.219
     1.620     0.187     0.350   171.000    14.503     2.399     2.399
     1.620     0.187     0.350   189.000    14.503     2.399     2.399
     1.620     0.187     0.350   207.000    14.945     2.219     2.219
     1.620     0.187     0.350   225.000    15.661     2.101     2.101
     1.620     0.187     0.350   243.000    16.376     2.219     2.219
     1.620     0.187     0.350   261.000    16.819     2.399     2.399
     1.620     0.187     0.350   279.000    16.819     2.399     2.399
     1.620     0.187     0.350   297.000    16.377     2.219     2.219
     1.620     0.187     0.350   315.000    15.661     2.101     2.101
     1.620     0.187     0.350   333.000    14.945     2.219     2.219
     1.620     0.187     0.350   351.000    14.503     2.399     2.399
     1.620     0.187     0.500     9.000    10.105     1.700     1.700
     1.620     0.187     0.500    27.000    10.562     1.417     1.417
     1.620     0.187     0.500    45.000    11.300     1.210     1.210
     1.620     0.187     0.500    63.000    12.038     1.417     1.417
     1.620     0.187     0.500    81.000    12.495     1.700     1.700
     1.620     0.187     0.500    99.000    12.495     1.700     1.700
     1.620     0.187     0.500   117.000    12.038     1.417     1.417
     1.620     0.187     0.500   135.000    11.300     1.210     1.210
     1.620     0.187     0.500   153.000    10.562     1.417     1.417
     1.620     0.187     0.500   171.000    10.105     1.700     1.700
     1.620     0.187     0.500   189.000    10.105     1.700     1.700
     1.620     0.187     0.500   207.000    10.562     1.417     1.417
     1.620     0.187     0.500   225.000    11.300     1.210     1.210
     1.620     0.187     0.500   243.000    12.038     1.417     1.417
     1.620     0.187     0.500   261.000    12.495     1.700     1.700
     1.620     0.187     0.500   279.000    12.495     1.700     1.700
     1.620     0.187     0.500   297.000    12.038     1.417     1.417
     1.620     0.187     0.500   315.000    11.300     1.210     1.210
     1.620     0.187     0.500   333.000    10.562     1.417     1.417
     1.620     0.187     0.500   351.000    10.105     1.700     1.700
     1.620     0.187     0.800     9.000     3.864     2.323     2.323
     1.620     0.187     0.800    27.000     4.729     1.494     1.494
     1.620     0.187     0.800    45.000     6.127     0.525     0.525
     1.620     0.187     0.800    63.000     7.526     1.494     1.494
     1.620     0.187     0.800    81.000     8.391     2.323     2.323
     1.620     0.187     0.800    99.000     8.391     2.323     2.323
     1.620     0.187     0.800   117.000     7.526     1.494     1.494
     1.620     0.187     0.800   135.000     6.127     0.525     0.525
     1.620     0.187     0.800   153.000     4.729     1.494     1.494
     1.620     0.187     0.800   171.000     3.864     2.323     2.323
     1.620     0.187     0.800   189.000     3.864     2.323     2.323
     1.620     0.187     0.800   207.000     4.729     1.494     1.494
     1.620     0.187     0.800   225.000     6.127     0.525     0.525
     1.620     0.187     0.800   243.000     7.526     1.494     1.494
     1.620     0.187     0.800   261.000     8.391     2.323     2.323
     1.620     0.187     0.800   279.000     8.391     2.323     2.323
     1.620     0.187     0.800   297.000     7.526     1.494     1.494
     1.620     0.187     0.800   315.000     6.127     0.525     0.525
     1.620     0.187     0.800   333.000     4.729     1.494     1.494
     1.620     0.187     0.800   351.000     3.864     2.323     2.323
     1.620     0.187     1.250     9.000     2.076     0.941     0.941
     1.620     0.187     1.250    27.000     2.395     0.672     0.672
     1.620     0.187     1.250    45.000     2.913     0.430     0.430
     1.620     0.187     1.250    63.000     3.430     0.672     0.672
     1.620     0.187     1.250    81.000     3.749     0.941     0.941
     1.620     0.187     1.250    99.000     3.749     0.941     0.941
     1.620     0.187     1.250   117.000     3.430     0.672     0.672
     1.620     0.187     1.250   135.000     2.913     0.430     0.430
     1.620     0.187     1.250   153.000     2.395     0.672     0.672
     1.620     0.187     1.250   171.000     2.076     0.941     0.941
     1.620     0.187     1.250   189.000     2.076     0.941     0.941
     1.620     0.187     1.250   207.000     2.395     0.672     0.672
     1.620     0.187     1.250   225.000     2.913     0.430     0.430
     1.620     0.187     1.250   243.000     3.430     0.672     0.672
     1.620     0.187     1.250   261.000     3.749     0.941     0.941
     1.620     0.187     1.250   279.000     3.749     0.941     0.941
     1.620     0.187     1.250   297.000     3.430     0.672     0.672
     1.620     0.187     1.250   315.000     2.913     0.430     0.430
     1.620     0.187     1.250   333.000     2.395     0.672     0.672
     1.620     0.187     1.250   351.000     2.076     0.941     0.941
     1.770     0.224     0.180     9.000    16.398     2.386     2.386
     1.770     0.224     0.180    27.000    15.807     2.051     2.051
     1.770     0.224     0.180    45.000    14.849     1.814     1.814
     1.770     0.224     0.180    63.000    13.892     2.051     2.051
     1.770     0.224     0.180    81.000    13.300     2.386     2.386
     1.770     0.224     0.180    99.000    13.300     2.386     2.386
     1.770     0.224     0.180   117.000    13.892     2.051     2.051
     1.770     0.224     0.180   135.000    14.849     1.814     1.814
     1.770     0.224     0.180   153.000    15.806     2.051     2.051
     1.770     0.224     0.180   171.000    16.398     2.386     2.386
     1.770     0.224     0.180   189.000    16.398     2.386     2.386
     1.770     0.224     0.180   207.000    15.807     2.051     2.051
     1.770     0.224     0.180   225.000    14.849     1.814     1.814
     1.770     0.224     0.180   243.000    13.892     2.051     2.051
     1.770     0.224     0.180   261.000    13.300     2.386     2.386
     1.770     0.224     0.180   279.000    13.300     2.386     2.386
     1.770     0.224     0.180   297.000    13.892     2.051     2.051
     1.770     0.224     0.180   315.000    14.849     1.814     1.814
     1.770     0.224     0.180   333.000    15.807     2.051     2.051
     1.770     0.224     0.180   351.000    16.398     2.386     2.386
     1.770     0.224     0.250     9.000    13.240     2.336     2.336
     1.770     0.224     0.250    27.000    14.043     1.651     1.651
     1.770     0.224     0.250    45.000    15.343     1.019     1.019
     1.770     0.224     0.250    63.000    16.642     1.651     1.651
     1.770     0.224     0.250    81.000    17.445     2.336     2.336
     1.770     0.224     0.250    99.000    17.445     2.336     2.336
     1.770     0.224     0.250   117.000    16.642     1.651     1.651
     1.770     0.224     0.250   135.000    15.342     1.019     1.019
     1.770     0.224     0.250   153.000    14.043     1.651     1.651
     1.770     0.224     0.250   171.000    13.240     2.336     2.336
     1.770     0.224     0.250   189.000    13.240     2.336     2.336
     1.770     0.224     0.250   207.000    14.043     1.651     1.651
     1.770     0.224     0.250   225.000    15.342     1.019     1.019
     1.770     0.224     0.250   243.000    16.642     1.651     1.651
     1.770     0.224     0.250   261.000    17.445     2.336     2.336
     1.770     0.224     0.250   279.000    17.445     2.336     2.336
     1.770     0.224     0.250   297.000    16.642     1.651     1.651
     1.770     0.224     0.250   315.000    15.342     1.019     1.019
     1.770     0.224     0.250   333.000    14.043     1.651     1.651
     1.770     0.224     0.250   351.000    13.240     2.336     2.336
     1.770     0.224     0.350     9.000    12.499     4.341     4.341
     1.770     0.224     0.350    27.000    14.108     2.807     2.807
     1.770     0.224     0.350    45.000    16.711     1.050     1.050
     1.770     0.224     0.350    63.000    19.315     2.807     2.807
     1.770     0.224     0.350    81.000    20.924     4.341     4.341
     1.770     0.224     0.350    99.000    20.924     4.341     4.341
     1.770     0.224     0.350   117.000    19.315     2.807     2.807
     1.770     0.224     0.350   135.000    16.711     1.050     1.050
     1.770     0.224     0.350   153.000    14.108     2.807     2.807
     1.770     0.224     0.350   171.000    12.499     4.341     4.341
     1.770     0.224     0.350   189.000    12.499     4.341     4.341
     1.770     0.224     0.350   207.000    14.108     2.807     2.807
     1.770     0.224     0.350   225.000    16.711     1.050     1.050
     1.770     0.224     0.350   243.000    19.315     2.807     2.807
     1.770     0.224     0.350   261.000    20.924     4.341     4.341
     1.770     0.224     0.350   279.000    20.924     4.341     4.341
     1.770     0.224     0.350   297.000    19.315     2.807     2.807
     1.770     0.224     0.350   315.000    16.711     1.050     1.050
     1.770     0.224     0.350   333.000    14.108     2.807     2.807
     1.770     0.224     0.350   351.000    12.499     4.341     4.341
     1.770     0.224     0.500     9.000    10.618     1.891     1.891
     1.770     0.224     0.500    27.000    11.298     1.271     1.271
     1.770     0.224     0.500    45.000    12.398     0.637     0.637
     1.770     0.224     0.500    63.000    13.498     1.271     1.271
     1.770     0.224     0.500    81.000    14.178     1.891     1.891
     1.770     0.224     0.500    99.000    14.178     1.891     1.891
     1.770     0.224     0.500   117.000    13.498     1.271     1.271
     1.770     0.224     0.500   135.000    12.398     0.637     0.637
     1.770     0.224     0.500   153.000    11.298     1.271     1.271
     1.770     0.224     0.500   171.000    10.618     1.891     1.891
     1.770     0.224     0.500   189.000    10.618     1.891     1.891
     1.770     0.224     0.500   207.000    11.298     1.271     1.271
     1.770     0.224     0.500   225.000    12.398     0.637     0.637
     1.770     0.224     0.500   243.000    13.498     1.271     1.271
     1.770     0.224     0.500   261.000    14.178     1.891     1.891
     1.770     0.224     0.500   279.000    14.178     1.891     1.891
     1.770     0.224     0.500   297.000    13.498     1.271     1.271
     1.770     0.224     0.500   315.000    12.398     0.637     0.637
     1.770     0.224     0.500   333.000    11.298     1.271     1.271
     1.770     0.224     0.500   351.000    10.618     1.891     1.891
     1.770     0.224     0.800     9.000     6.378     1.141     1.141
     1.770     0.224     0.800    27.000     6.793     0.757     0.757
     1.770     0.224     0.800    45.000     7.464     0.350     0.350
     1.770     0.224     0.800    63.000     8.136     0.757     0.757
     1.770     0.224     0.800    81.000     8.551     1.141     1.141
     1.770     0.224     0.800    99.000     8.551     1.141     1.141
     1.770     0.224     0.800   117.000     8.136     0.757     0.757
     1.770     0.224     0.800   135.000     7.464     0.350     0.350
     1.770     0.224     0.800   153.000     6.793     0.757     0.757
     1.770     0.224     0.800   171.000     6.378     1.141     1.141
     1.770     0.224     0.800   189.000     6.378     1.141     1.141
     1.770     0.224     0.800   207.000     6.793     0.757     0.757
     1.770     0.224     0.800   225.000     7.464     0.350     0.350
     1.770     0.224     0.800   243.000     8.136     0.757     0.757
     1.770     0.224     0.800   261.000     8.551     1.141     1.141
     1.770     0.224     0.800   279.000     8.551     1.141     1.141
     1.770     0.224     0.800   297.000     8.136     0.757     0.757
     1.770     0.224     0.800   315.000     7.464     0.350     0.350
     1.770     0.224     0.800   333.000     6.793     0.757     0.757
     1.770     0.224     0.800   351.000     6.378     1.141     1.141
     1.770     0.224     1.250     9.000     2.322     1.595     1.595
     1.770     0.224     1.250    27.000     2.925     1.003     1.003
     1.770     0.224     1.250    45.000     3.899     0.239     0.239
     1.770     0.224     1.250    63.000     4.874     1.003     1.003
     1.770     0.224     1.250    81.000     5.476     1.595     1.595
     1.770     0.224     1.250    99.000     5.476     1.595     1.595
     1.770     0.224     1.250   117.000     4.874     1.003     1.003
     1.770     0.224     1.250   135.000     3.899     0.239     0.239
     1.770     0.224     1.250   153.000     2.925     1.003     1.003
     1.770     0.224     1.250   171.000     2.322     1.595     1.595
     1.770     0.224     1.250   189.000     2.322     1.595     1.595
     1.770     0.224     1.250   207.000     2.925     1.003     1.003
     1.770     0.224     1.250   225.000     3.899     0.239     0.239
     1.770     0.224     1.250   243.000     4.874     1.003     1.003
     1.770     0.224     1.250   261.000     5.476     1.595     1.595
     1.770     0.224     1.250   279.000     5.476     1.595     1.595
     1.770     0.224     1.250   297.000     4.874     1.003     1.003
     1.770     0.224     1.250   315.000     3.899     0.239     0.239
     1.770     0.224     1.250   333.000     2.925     1.003     1.003
     1.770     0.224     1.250   351.000     2.322     1.595     1.595
     1.770     0.224     1.750     9.000     2.018     0.273     0.273
     1.770     0.224     1.750    27.000     2.031     0.271     0.271
     1.770     0.224     1.750    45.000     2.053     0.271     0.271
     1.770     0.224     1.750    63.000     2.075     0.271     0.271
     1.770     0.224     1.750    81.000     2.088     0.273     0.273
     1.770     0.224     1.750    99.000     2.088     0.273     0.273
     1.770     0.224     1.750   117.000     2.075     0.271     0.271
     1.770     0.224     1.750   135.000     2.053     0.271     0.271
     1.770     0.224     1.750   153.000     2.031     0.271     0.271
     1.770     0.224     1.750   171.000     2.018     0.273     0.273
     1.770     0.224     1.750   189.000     2.018     0.273     0.273
     1.770     0.224     1.750   207.000     2.031     0.271     0.271
     1.770     0.224     1.750   225.000     2.053     0.271     0.271
     1.770     0.224     1.750   243.000     2.075     0.271     0.271
     1.770     0.224     1.750   261.000     2.088     0.273     0.273
     1.770     0.224     1.750   279.000     2.088     0.273     0.273
     1.770     0.224     1.750   297.000     2.075     0.271     0.271
     1.770     0.224     1.750   315.000     2.053     0.271     0.271
     1.770     0.224     1.750   333.000     2.031     0.271     0.271
     1.770     0.224     1.750   351.000     2.018     0.273     0.273
     1.880     0.271     0.250     9.000    27.496     6.026     6.026
     1.880     0.271     0.250    27.000    25.352     4.105     4.105
     1.880     0.271     0.250    45.000    21.884     2.196     2.196
     1.880     0.271     0.250    63.000    18.415     4.105     4.105
     1.880     0.271     0.250    81.000    16.272     6.026     6.026
     1.880     0.271     0.250    99.000    16.272     6.026     6.026
     1.880     0.271     0.250   117.000    18.415     4.105     4.105
     1.880     0.271     0.250   135.000    21.884     2.196     2.196
     1.880     0.271     0.250   153.000    25.352     4.105     4.105
     1.880     0.271     0.250   171.000    27.496     6.026     6.026
     1.880     0.271     0.250   189.000    27.496     6.026     6.026
     1.880     0.271     0.250   207.000    25.352     4.105     4.105
     1.880     0.271     0.250   225.000    21.884     2.196     2.196
     1.880     0.271     0.250   243.000    18.416     4.105     4.105
     1.880     0.271     0.250   261.000    16.272     6.026     6.026
     1.880     0.271     0.250   279.000    16.272     6.027     6.027
     1.880     0.271     0.250   297.000    18.415     4.106     4.106
     1.880     0.271     0.250   315.000    21.884     2.196     2.196
     1.880     0.271     0.250   333.000    25.352     4.105     4.105
     1.880     0.271     0.250   351.000    27.496     6.026     6.026
     1.880     0.272     0.350     9.000    19.938     2.119     2.119
     1.880     0.272     0.350    27.000    19.976     2.118     2.118
     1.880     0.272     0.350    45.000    20.038     2.117     2.117
     1.880     0.272     0.350    63.000    20.099     2.118     2.118
     1.880     0.272     0.350    81.000    20.137     2.119     2.119
     1.880     0.272     0.350    99.000    20.137     2.119     2.119
     1.880     0.272     0.350   117.000    20.099     2.118     2.118
     1.880     0.272     0.350   135.000    20.038     2.117     2.117
     1.880     0.272     0.350   153.000    19.976     2.118     2.118
     1.880     0.272     0.350   171.000    19.938     2.119     2.119
     1.880     0.272     0.350   189.000    19.938     2.119     2.119
     1.880     0.272     0.350   207.000    19.976     2.118     2.118
     1.880     0.272     0.350   225.000    20.038     2.117     2.117
     1.880     0.272     0.350   243.000    20.099     2.118     2.118
     1.880     0.272     0.350   261.000    20.137     2.119     2.119
     1.880     0.272     0.350   279.000    20.137     2.119     2.119
     1.880     0.272     0.350   297.000    20.099     2.118     2.118
     1.880     0.272     0.350   315.000    20.038     2.117     2.117
     1.880     0.272     0.350   333.000    19.976     2.118     2.118
     1.880     0.272     0.350   351.000    19.938     2.119     2.119
     1.880     0.271     0.500     9.000    13.472     3.281     3.281
     1.880     0.271     0.500    27.000    14.649     2.214     2.214
     1.880     0.271     0.500    45.000    16.552     1.130     1.130
     1.880     0.271     0.500    63.000    18.456     2.214     2.214
     1.880     0.271     0.500    81.000    19.632     3.281     3.281
     1.880     0.271     0.500    99.000    19.632     3.281     3.281
     1.880     0.271     0.500   117.000    18.456     2.214     2.214
     1.880     0.271     0.500   135.000    16.552     1.130     1.130
     1.880     0.271     0.500   153.000    14.649     2.214     2.214
     1.880     0.271     0.500   171.000    13.472     3.281     3.281
     1.880     0.271     0.500   189.000    13.472     3.281     3.281
     1.880     0.271     0.500   207.000    14.649     2.214     2.214
     1.880     0.271     0.500   225.000    16.552     1.130     1.130
     1.880     0.271     0.500   243.000    18.456     2.214     2.214
     1.880     0.271     0.500   261.000    19.632     3.281     3.281
     1.880     0.271     0.500   279.000    19.632     3.281     3.281
     1.880     0.271     0.500   297.000    18.456     2.214     2.214
     1.880     0.271     0.500   315.000    16.552     1.130     1.130
     1.880     0.271     0.500   333.000    14.649     2.214     2.214
     1.880     0.271     0.500   351.000    13.472     3.281     3.281
     1.880     0.272     0.800     9.000     7.573     5.513     5.513
     1.880     0.272     0.800    27.000     9.659     3.458     3.458
     1.880     0.272     0.800    45.000    13.035     0.748     0.748
     1.880     0.272     0.800    63.000    16.410     3.457     3.457
     1.880     0.272     0.800    81.000    18.497     5.513     5.513
     1.880     0.272     0.800    99.000    18.497     5.513     5.513
     1.880     0.272     0.800   117.000    16.410     3.458     3.458
     1.880     0.272     0.800   135.000    13.035     0.748     0.748
     1.880     0.272     0.800   153.000     9.659     3.457     3.457
     1.880     0.272     0.800   171.000     7.573     5.513     5.513
     1.880     0.272     0.800   189.000     7.573     5.513     5.513
     1.880     0.272     0.800   207.000     9.659     3.458     3.458
     1.880     0.272     0.800   225.000    13.035     0.748     0.748
     1.880     0.272     0.800   243.000    16.410     3.457     3.457
     1.880     0.272     0.800   261.000    18.497     5.513     5.513
     1.880     0.272     0.800   279.000    18.497     5.513     5.513
     1.880     0.272     0.800   297.000    16.411     3.458     3.458
     1.880     0.272     0.800   315.000    13.035     0.748     0.748
     1.880     0.272     0.800   333.000     9.659     3.458     3.458
     1.880     0.272     0.800   351.000     7.573     5.513     5.513
     1.880     0.272     1.250     9.000     4.845     2.163     2.163
     1.880     0.272     1.250    27.000     5.645     1.403     1.403
     1.880     0.272     1.250    45.000     6.939     0.541     0.541
     1.880     0.272     1.250    63.000     8.234     1.403     1.403
     1.880     0.272     1.250    81.000     9.034     2.163     2.163
     1.880     0.272     1.250    99.000     9.034     2.163     2.163
     1.880     0.272     1.250   117.000     8.234     1.403     1.403
     1.880     0.272     1.250   135.000     6.939     0.541     0.541
     1.880     0.272     1.250   153.000     5.645     1.403     1.403
     1.880     0.272     1.250   171.000     4.845     2.163     2.163
     1.880     0.272     1.250   189.000     4.845     2.163     2.163
     1.880     0.272     1.250   207.000     5.645     1.403     1.403
     1.880     0.272     1.250   225.000     6.939     0.541     0.541
     1.880     0.272     1.250   243.000     8.234     1.403     1.403
     1.880     0.272     1.250   261.000     9.034     2.163     2.163
     1.880     0.272     1.250   279.000     9.034     2.163     2.163
     1.880     0.272     1.250   297.000     8.234     1.403     1.403
     1.880     0.272     1.250   315.000     6.939     0.541     0.541
     1.880     0.272     1.250   333.000     5.645     1.403     1.403
     1.880     0.272     1.250   351.000     4.845     2.163     2.163
     1.950     0.313     1.250     9.000    17.030     3.055     3.055
     1.950     0.313     1.250    27.000    16.659     2.958     2.958
     1.950     0.313     1.250    45.000    16.059     2.897     2.897
     1.950     0.313     1.250    63.000    15.459     2.958     2.958
     1.950     0.313     1.250    81.000    15.088     3.055     3.055
     1.950     0.313     1.250    99.000    15.088     3.055     3.055
     1.950     0.313     1.250   117.000    15.459     2.958     2.958
     1.950     0.313     1.250   135.000    16.059     2.897     2.897
     1.950     0.313     1.250   153.000    16.659     2.958     2.958
     1.950     0.313     1.250   171.000    17.030     3.055     3.055
     1.950     0.313     1.250   189.000    17.030     3.055     3.055
     1.950     0.313     1.250   207.000    16.659     2.958     2.958
     1.950     0.313     1.250   225.000    16.059     2.897     2.897
     1.950     0.313     1.250   243.000    15.459     2.958     2.958
     1.950     0.313     1.250   261.000    15.088     3.055     3.055
     1.950     0.313     1.250   279.000    15.088     3.055     3.055
     1.950     0.313     1.250   297.000    15.459     2.958     2.958
     1.950     0.313     1.250   315.000    16.059     2.897     2.897
     1.950     0.313     1.250   333.000    16.659     2.958     2.958
     1.950     0.313     1.250   351.000    17.030     3.055     3.055
     2.110     0.238     0.500     9.000    14.891     5.572     5.572
     2.110     0.238     0.500    27.000    16.589     4.339     4.339
     2.110     0.238     0.500    45.000    19.337     3.358     3.358
     2.110     0.238     0.500    63.000    22.085     4.339     4.339
     2.110     0.238     0.500    81.000    23.784     5.572     5.572
     2.110     0.238     0.500    99.000    23.784     5.572     5.572
     2.110     0.238     0.500   117.000    22.085     4.339     4.339
     2.110     0.238     0.500   135.000    19.337     3.358     3.358
     2.110     0.238     0.500   153.000    16.589     4.339     4.339
     2.110     0.238     0.500   171.000    14.891     5.572     5.572
     2.110     0.238     0.500   189.000    14.891     5.572     5.572
     2.110     0.238     0.500   207.000    16.589     4.339     4.339
     2.110     0.238     0.500   225.000    19.337     3.358     3.358
     2.110     0.238     0.500   243.000    22.085     4.339     4.339
     2.110     0.238     0.500   261.000    23.784     5.572     5.572
     2.110     0.238     0.500   279.000    23.784     5.572     5.572
     2.110     0.238     0.500   297.000    22.086     4.339     4.339
     2.110     0.238     0.500   315.000    19.337     3.358     3.358
     2.110     0.238     0.500   333.000    16.589     4.339     4.339
     2.110     0.238     0.500   351.000    14.891     5.572     5.572
     2.110     0.238     0.800     9.000     8.816     1.688     1.688
     2.110     0.238     0.800    27.000     8.841     1.688     1.688
     2.110     0.238     0.800    45.000     8.881     1.687     1.687
     2.110     0.238     0.800    63.000     8.921     1.688     1.688
     2.110     0.238     0.800    81.000     8.946     1.688     1.688
     2.110     0.238     0.800    99.000     8.946     1.688     1.688
     2.110     0.238     0.800   117.000     8.921     1.688     1.688
     2.110     0.238     0.800   135.000     8.881     1.687     1.687
     2.110     0.238     0.800   153.000     8.841     1.688     1.688
     2.110     0.238     0.800   171.000     8.816     1.688     1.688
     2.110     0.238     0.800   189.000     8.816     1.688     1.688
     2.110     0.238     0.800   207.000     8.841     1.688     1.688
     2.110     0.238     0.800   225.000     8.881     1.687     1.687
     2.110     0.238     0.800   243.000     8.921     1.688     1.688
     2.110     0.238     0.800   261.000     8.946     1.688     1.688
     2.110     0.238     0.800   279.000     8.946     1.688     1.688
     2.110     0.238     0.800   297.000     8.921     1.688     1.688
     2.110     0.238     0.800   315.000     8.881     1.687     1.687
     2.110     0.238     0.800   333.000     8.841     1.688     1.688
     2.110     0.238     0.800   351.000     8.816     1.688     1.688
     2.240     0.276     0.250     9.000    15.566     1.851     1.851
     2.240     0.276     0.250    27.000    15.517     1.848     1.848
     2.240     0.276     0.250    45.000    15.438     1.846     1.846
     2.240     0.276     0.250    63.000    15.359     1.848     1.848
     2.240     0.276     0.250    81.000    15.310     1.851     1.851
     2.240     0.276     0.250    99.000    15.310     1.851     1.851
     2.240     0.276     0.250   117.000    15.359     1.848     1.848
     2.240     0.276     0.250   135.000    15.438     1.846     1.846
     2.240     0.276     0.250   153.000    15.517     1.848     1.848
     2.240     0.276     0.250   171.000    15.566     1.851     1.851
     2.240     0.276     0.250   189.000    15.566     1.851     1.851
     2.240     0.276     0.250   207.000    15.517     1.848     1.848
     2.240     0.276     0.250   225.000    15.438     1.846     1.846
     2.240     0.276     0.250   243.000    15.359     1.848     1.848
     2.240     0.276     0.250   261.000    15.310     1.851     1.851
     2.240     0.276     0.250   279.000    15.310     1.851     1.851
     2.240     0.276     0.250   297.000    15.359     1.848     1.848
     2.240     0.276     0.250   315.000    15.438     1.846     1.846
     2.240     0.276     0.250   333.000    15.517     1.848     1.848
     2.240     0.276     0.250   351.000    15.566     1.851     1.851
     2.240     0.276     0.350     9.000    13.842     1.777     1.777
     2.240     0.276     0.350    27.000    13.467     1.600     1.600
     2.240     0.276     0.350    45.000    12.860     1.480     1.480
     2.240     0.276     0.350    63.000    12.252     1.600     1.600
     2.240     0.276     0.350    81.000    11.877     1.777     1.777
     2.240     0.276     0.350    99.000    11.877     1.777     1.777
     2.240     0.276     0.350   117.000    12.252     1.600     1.600
     2.240     0.276     0.350   135.000    12.860     1.480     1.480
     2.240     0.276     0.350   153.000    13.467     1.600     1.600
     2.240     0.276     0.350   171.000    13.842     1.777     1.777
     2.240     0.276     0.350   189.000    13.842     1.777     1.777
     2.240     0.276     0.350   207.000    13.467     1.600     1.600
     2.240     0.276     0.350   225.000    12.860     1.480     1.480
     2.240     0.276     0.350   243.000    12.252     1.600     1.600
     2.240     0.276     0.350   261.000    11.877     1.777     1.777
     2.240     0.276     0.350   279.000    11.877     1.777     1.777
     2.240     0.276     0.350   297.000    12.252     1.600     1.600
     2.240     0.276     0.350   315.000    12.860     1.480     1.480
     2.240     0.276     0.350   333.000    13.467     1.600     1.600
     2.240     0.276     0.350   351.000    13.842     1.777     1.777
     2.240     0.276     0.500     9.000     9.609     0.909     0.909
     2.240     0.276     0.500    27.000     9.738     0.869     0.869
     2.240     0.276     0.500    45.000     9.947     0.844     0.844
     2.240     0.276     0.500    63.000    10.156     0.869     0.869
     2.240     0.276     0.500    81.000    10.285     0.909     0.909
     2.240     0.276     0.500    99.000    10.285     0.909     0.909
     2.240     0.276     0.500   117.000    10.156     0.869     0.869
     2.240     0.276     0.500   135.000     9.947     0.844     0.844
     2.240     0.276     0.500   153.000     9.738     0.869     0.869
     2.240     0.276     0.500   171.000     9.609     0.909     0.909
     2.240     0.276     0.500   189.000     9.609     0.909     0.909
     2.240     0.276     0.500   207.000     9.738     0.869     0.869
     2.240     0.276     0.500   225.000     9.947     0.844     0.844
     2.240     0.276     0.500   243.000    10.156     0.869     0.869
     2.240     0.276     0.500   261.000    10.285     0.909     0.909
     2.240     0.276     0.500   279.000    10.285     0.909     0.909
     2.240     0.276     0.500   297.000    10.156     0.869     0.869
     2.240     0.276     0.500   315.000     9.947     0.844     0.844
     2.240     0.276     0.500   333.000     9.738     0.869     0.869
     2.240     0.276     0.500   351.000     9.609     0.909     0.909
     2.240     0.276     0.800     9.000     5.423     1.657     1.657
     2.240     0.276     0.800    27.000     6.033     1.082     1.082
     2.240     0.276     0.800    45.000     7.019     0.446     0.446
     2.240     0.276     0.800    63.000     8.005     1.082     1.082
     2.240     0.276     0.800    81.000     8.614     1.657     1.657
     2.240     0.276     0.800    99.000     8.614     1.657     1.657
     2.240     0.276     0.800   117.000     8.005     1.082     1.082
     2.240     0.276     0.800   135.000     7.019     0.446     0.446
     2.240     0.276     0.800   153.000     6.033     1.082     1.082
     2.240     0.276     0.800   171.000     5.423     1.657     1.657
     2.240     0.276     0.800   189.000     5.423     1.657     1.657
     2.240     0.276     0.800   207.000     6.033     1.082     1.082
     2.240     0.276     0.800   225.000     7.019     0.446     0.446
     2.240     0.276     0.800   243.000     8.005     1.082     1.082
     2.240     0.276     0.800   261.000     8.614     1.657     1.657
     2.240     0.276     0.800   279.000     8.614     1.657     1.657
     2.240     0.276     0.800   297.000     8.005     1.082     1.082
     2.240     0.276     0.800   315.000     7.019     0.446     0.446
     2.240     0.276     0.800   333.000     6.033     1.082     1.082
     2.240     0.276     0.800   351.000     5.423     1.657     1.657
     2.240     0.276     1.250     9.000     2.741     1.160     1.160
     2.240     0.276     1.250    27.000     3.165     0.763     0.763
     2.240     0.276     1.250    45.000     3.852     0.334     0.334
     2.240     0.276     1.250    63.000     4.538     0.763     0.763
     2.240     0.276     1.250    81.000     4.962     1.160     1.160
     2.240     0.276     1.250    99.000     4.962     1.160     1.160
     2.240     0.276     1.250   117.000     4.538     0.763     0.763
     2.240     0.276     1.250   135.000     3.852     0.334     0.334
     2.240     0.276     1.250   153.000     3.165     0.763     0.763
     2.240     0.276     1.250   171.000     2.741     1.160     1.160
     2.240     0.276     1.250   189.000     2.741     1.160     1.160
     2.240     0.276     1.250   207.000     3.165     0.763     0.763
     2.240     0.276     1.250   225.000     3.852     0.334     0.334
     2.240     0.276     1.250   243.000     4.538     0.763     0.763
     2.240     0.276     1.250   261.000     4.962     1.160     1.160
     2.240     0.276     1.250   279.000     4.962     1.160     1.160
     2.240     0.276     1.250   297.000     4.538     0.763     0.763
     2.240     0.276     1.250   315.000     3.852     0.334     0.334
     2.240     0.276     1.250   333.000     3.165     0.763     0.763
     2.240     0.276     1.250   351.000     2.741     1.160     1.160
     2.240     0.276     1.750     9.000     1.714     0.709     0.709
     2.240     0.276     1.750    27.000     1.953     0.511     0.511
     2.240     0.276     1.750    45.000     2.340     0.334     0.334
     2.240     0.276     1.750    63.000     2.726     0.511     0.511
     2.240     0.276     1.750    81.000     2.965     0.709     0.709
     2.240     0.276     1.750    99.000     2.965     0.709     0.709
     2.240     0.276     1.750   117.000     2.726     0.511     0.511
     2.240     0.276     1.750   135.000     2.340     0.334     0.334
     2.240     0.276     1.750   153.000     1.953     0.511     0.511
     2.240     0.276     1.750   171.000     1.714     0.709     0.709
     2.240     0.276     1.750   189.000     1.714     0.709     0.709
     2.240     0.276     1.750   207.000     1.953     0.511     0.511
     2.240     0.276     1.750   225.000     2.340     0.334     0.334
     2.240     0.276     1.750   243.000     2.726     0.511     0.511
     2.240     0.276     1.750   261.000     2.965     0.709     0.709
     2.240     0.276     1.750   279.000     2.965     0.709     0.709
     2.240     0.276     1.750   297.000     2.726     0.511     0.511
     2.240     0.276     1.750   315.000     2.340     0.334     0.334
     2.240     0.276     1.750   333.000     1.953     0.511     0.511
     2.240     0.276     1.750   351.000     1.714     0.709     0.709
     2.260     0.335     0.250     9.000    28.342     7.617     7.617
     2.260     0.335     0.250    27.000    26.173     6.172     6.172
     2.260     0.335     0.250    45.000    22.664     5.077     5.077
     2.260     0.335     0.250    63.000    19.154     6.172     6.172
     2.260     0.335     0.250    81.000    16.985     7.617     7.617
     2.260     0.335     0.250    99.000    16.985     7.617     7.617
     2.260     0.335     0.250   117.000    19.154     6.172     6.172
     2.260     0.335     0.250   135.000    22.664     5.077     5.077
     2.260     0.335     0.250   153.000    26.173     6.172     6.172
     2.260     0.335     0.250   171.000    28.342     7.617     7.617
     2.260     0.335     0.250   189.000    28.342     7.617     7.617
     2.260     0.335     0.250   207.000    26.173     6.172     6.172
     2.260     0.335     0.250   225.000    22.664     5.077     5.077
     2.260     0.335     0.250   243.000    19.154     6.172     6.172
     2.260     0.335     0.250   261.000    16.985     7.617     7.617
     2.260     0.335     0.250   279.000    16.985     7.617     7.617
     2.260     0.335     0.250   297.000    19.154     6.172     6.172
     2.260     0.335     0.250   315.000    22.664     5.077     5.077
     2.260     0.335     0.250   333.000    26.173     6.172     6.172
     2.260     0.335     0.250   351.000    28.342     7.617     7.617
     2.260     0.338     0.350     9.000    19.186     1.955     1.955
     2.260     0.338     0.350    27.000    18.958     1.898     1.898
     2.260     0.338     0.350    45.000    18.589     1.862     1.862
     2.260     0.338     0.350    63.000    18.220     1.898     1.898
     2.260     0.338     0.350    81.000    17.992     1.955     1.955
     2.260     0.338     0.350    99.000    17.992     1.955     1.955
     2.260     0.338     0.350   117.000    18.220     1.898     1.898
     2.260     0.338     0.350   135.000    18.589     1.862     1.862
     2.260     0.338     0.350   153.000    18.958     1.898     1.898
     2.260     0.338     0.350   171.000    19.186     1.955     1.955
     2.260     0.338     0.350   189.000    19.186     1.955     1.955
     2.260     0.338     0.350   207.000    18.958     1.898     1.898
     2.260     0.338     0.350   225.000    18.589     1.862     1.862
     2.260     0.338     0.350   243.000    18.220     1.898     1.898
     2.260     0.338     0.350   261.000    17.992     1.955     1.955
     2.260     0.338     0.350   279.000    17.992     1.955     1.955
     2.260     0.338     0.350   297.000    18.220     1.898     1.898
     2.260     0.338     0.350   315.000    18.589     1.862     1.862
     2.260     0.338     0.350   333.000    18.958     1.898     1.898
     2.260     0.338     0.350   351.000    19.186     1.955     1.955
     2.260     0.338     0.500     9.000    18.378     3.711     3.711
     2.260     0.338     0.500    27.000    19.735     2.442     2.442
     2.260     0.338     0.500    45.000    21.932     1.066     1.066
     2.260     0.338     0.500    63.000    24.128     2.442     2.442
     2.260     0.338     0.500    81.000    25.486     3.711     3.711
     2.260     0.338     0.500    99.000    25.486     3.711     3.711
     2.260     0.338     0.500   117.000    24.128     2.442     2.442
     2.260     0.338     0.500   135.000    21.932     1.066     1.066
     2.260     0.338     0.500   153.000    19.735     2.442     2.442
     2.260     0.338     0.500   171.000    18.378     3.711     3.711
     2.260     0.338     0.500   189.000    18.378     3.711     3.711
     2.260     0.338     0.500   207.000    19.735     2.442     2.442
     2.260     0.338     0.500   225.000    21.932     1.066     1.066
     2.260     0.338     0.500   243.000    24.128     2.442     2.442
     2.260     0.338     0.500   261.000    25.486     3.711     3.711
     2.260     0.338     0.500   279.000    25.486     3.711     3.711
     2.260     0.338     0.500   297.000    24.128     2.442     2.442
     2.260     0.338     0.500   315.000    21.931     1.066     1.066
     2.260     0.338     0.500   333.000    19.735     2.442     2.442
     2.260     0.338     0.500   351.000    18.378     3.711     3.711
     2.260     0.338     0.800     9.000     9.506     4.662     4.662
     2.260     0.338     0.800    27.000    11.274     2.916     2.916
     2.260     0.338     0.800    45.000    14.133     0.573     0.573
     2.260     0.338     0.800    63.000    16.992     2.916     2.916
     2.260     0.338     0.800    81.000    18.760     4.662     4.662
     2.260     0.338     0.800    99.000    18.760     4.662     4.662
     2.260     0.338     0.800   117.000    16.993     2.916     2.916
     2.260     0.338     0.800   135.000    14.133     0.573     0.573
     2.260     0.338     0.800   153.000    11.274     2.916     2.916
     2.260     0.338     0.800   171.000     9.506     4.662     4.662
     2.260     0.338     0.800   189.000     9.506     4.662     4.662
     2.260     0.338     0.800   207.000    11.274     2.916     2.916
     2.260     0.338     0.800   225.000    14.133     0.573     0.573
     2.260     0.338     0.800   243.000    16.992     2.916     2.916
     2.260     0.338     0.800   261.000    18.760     4.662     4.662
     2.260     0.338     0.800   279.000    18.760     4.662     4.662
     2.260     0.338     0.800   297.000    16.993     2.917     2.917
     2.260     0.338     0.800   315.000    14.133     0.573     0.573
     2.260     0.338     0.800   333.000    11.273     2.916     2.916
     2.260     0.338     0.800   351.000     9.506     4.662     4.662
     2.260     0.338     1.250     9.000     6.619     1.589     1.589
     2.260     0.338     1.250    27.000     7.203     1.039     1.039
     2.260     0.338     1.250    45.000     8.149     0.430     0.430
     2.260     0.338     1.250    63.000     9.094     1.039     1.039
     2.260     0.338     1.250    81.000     9.679     1.589     1.589
     2.260     0.338     1.250    99.000     9.679     1.589     1.589
     2.260     0.338     1.250   117.000     9.094     1.039     1.039
     2.260     0.338     1.250   135.000     8.149     0.430     0.430
     2.260     0.338     1.250   153.000     7.203     1.039     1.039
     2.260     0.338     1.250   171.000     6.619     1.589     1.589
     2.260     0.338     1.250   189.000     6.619     1.589     1.589
     2.260     0.338     1.250   207.000     7.203     1.039     1.039
     2.260     0.338     1.250   225.000     8.149     0.430     0.430
     2.260     0.338     1.250   243.000     9.094     1.039     1.039
     2.260     0.338     1.250   261.000     9.679     1.589     1.589
     2.260     0.338     1.250   279.000     9.679     1.589     1.589
     2.260     0.338     1.250   297.000     9.094     1.039     1.039
     2.260     0.338     1.250   315.000     8.149     0.430     0.430
     2.260     0.338     1.250   333.000     7.203     1.039     1.039
     2.260     0.338     1.250   351.000     6.619     1.589     1.589
     2.260     0.338     1.750     9.000     5.814     1.359     1.359
     2.260     0.338     1.750    27.000     5.326     0.915     0.915
     2.260     0.338     1.750    45.000     4.536     0.462     0.462
     2.260     0.338     1.750    63.000     3.746     0.915     0.915
     2.260     0.338     1.750    81.000     3.258     1.359     1.359
     2.260     0.338     1.750    99.000     3.258     1.359     1.359
     2.260     0.338     1.750   117.000     3.746     0.915     0.915
     2.260     0.338     1.750   135.000     4.536     0.462     0.462
     2.260     0.338     1.750   153.000     5.326     0.915     0.915
     2.260     0.338     1.750   171.000     5.814     1.359     1.359
     2.260     0.338     1.750   189.000     5.814     1.359     1.359
     2.260     0.338     1.750   207.000     5.326     0.915     0.915
     2.260     0.338     1.750   225.000     4.536     0.462     0.462
     2.260     0.338     1.750   243.000     3.746     0.915     0.915
     2.260     0.338     1.750   261.000     3.258     1.359     1.359
     2.260     0.338     1.750   279.000     3.258     1.359     1.359
     2.260     0.338     1.750   297.000     3.746     0.915     0.915
     2.260     0.338     1.750   315.000     4.536     0.462     0.462
     2.260     0.338     1.750   333.000     5.326     0.915     0.915
     2.260     0.338     1.750   351.000     5.814     1.359     1.359
     2.350     0.404     0.500     9.000    29.042     7.499     7.499
     2.350     0.404     0.500    27.000    31.025     6.291     6.291
     2.350     0.404     0.500    45.000    34.234     5.411     5.411
     2.350     0.404     0.500    63.000    37.443     6.291     6.291
     2.350     0.404     0.500    81.000    39.426     7.499     7.499
     2.350     0.404     0.500    99.000    39.426     7.499     7.499
     2.350     0.404     0.500   117.000    37.443     6.291     6.291
     2.350     0.404     0.500   135.000    34.234     5.411     5.411
     2.350     0.404     0.500   153.000    31.025     6.291     6.291
     2.350     0.404     0.500   171.000    29.042     7.499     7.499
     2.350     0.404     0.500   189.000    29.042     7.499     7.499
     2.350     0.404     0.500   207.000    31.025     6.291     6.291
     2.350     0.404     0.500   225.000    34.234     5.411     5.411
     2.350     0.404     0.500   243.000    37.443     6.291     6.291
     2.350     0.404     0.500   261.000    39.426     7.499     7.499
     2.350     0.404     0.500   279.000    39.426     7.499     7.499
     2.350     0.404     0.500   297.000    37.443     6.291     6.291
     2.350     0.404     0.500   315.000    34.234     5.411     5.411
     2.350     0.404     0.500   333.000    31.025     6.291     6.291
     2.350     0.404     0.500   351.000    29.042     7.499     7.499
     2.350     0.404     0.800     9.000    27.039     2.426     2.426
     2.350     0.404     0.800    27.000    26.772     2.363     2.363
     2.350     0.404     0.800    45.000    26.340     2.324     2.324
     2.350     0.404     0.800    63.000    25.908     2.363     2.363
     2.350     0.404     0.800    81.000    25.641     2.426     2.426
     2.350     0.404     0.800    99.000    25.641     2.426     2.426
     2.350     0.404     0.800   117.000    25.908     2.363     2.363
     2.350     0.404     0.800   135.000    26.340     2.324     2.324
     2.350     0.404     0.800   153.000    26.772     2.363     2.363
     2.350     0.404     0.800   171.000    27.039     2.426     2.426
     2.350     0.404     0.800   189.000    27.039     2.426     2.426
     2.350     0.404     0.800   207.000    26.772     2.363     2.363
     2.350     0.404     0.800   225.000    26.340     2.324     2.324
     2.350     0.404     0.800   243.000    25.908     2.363     2.363
     2.350     0.404     0.800   261.000    25.641     2.426     2.426
     2.350     0.404     0.800   279.000    25.641     2.426     2.426
     2.350     0.404     0.800   297.000    25.908     2.363     2.363
     2.350     0.404     0.800   315.000    26.340     2.324     2.324
     2.350     0.404     0.800   333.000    26.772     2.363     2.363
     2.350     0.404     0.800   351.000    27.039     2.426     2.426
     2.350     0.404     1.250     9.000    14.993     3.747     3.747
     2.350     0.404     1.250    27.000    16.221     2.767     2.767
     2.350     0.404     1.250    45.000    18.207     1.926     1.926
     2.350     0.404     1.250    63.000    20.194     2.767     2.767
     2.350     0.404     1.250    81.000    21.421     3.747     3.747
     2.350     0.404     1.250    99.000    21.421     3.747     3.747
     2.350     0.404     1.250   117.000    20.194     2.767     2.767
     2.350     0.404     1.250   135.000    18.207     1.926     1.926
     2.350     0.404     1.250   153.000    16.221     2.767     2.767
     2.350     0.404     1.250   171.000    14.993     3.747     3.747
     2.350     0.404     1.250   189.000    14.993     3.747     3.747
     2.350     0.404     1.250   207.000    16.221     2.767     2.767
     2.350     0.404     1.250   225.000    18.207     1.926     1.926
     2.350     0.404     1.250   243.000    20.194     2.767     2.767
     2.350     0.404     1.250   261.000    21.421     3.747     3.747
     2.350     0.404     1.250   279.000    21.421     3.747     3.747
     2.350     0.404     1.250   297.000    20.194     2.767     2.767
     2.350     0.404     1.250   315.000    18.207     1.926     1.926
     2.350     0.404     1.250   333.000    16.221     2.767     2.767
     2.350     0.404     1.250   351.000    14.993     3.747     3.747
     2.350     0.404     1.750     9.000    12.079     4.137     4.137
     2.350     0.404     1.750    27.000    12.572     4.011     4.011
     2.350     0.404     1.750    45.000    13.369     3.931     3.931
     2.350     0.404     1.750    63.000    14.166     4.011     4.011
     2.350     0.404     1.750    81.000    14.659     4.137     4.137
     2.350     0.404     1.750    99.000    14.659     4.137     4.137
     2.350     0.404     1.750   117.000    14.166     4.011     4.011
     2.350     0.404     1.750   135.000    13.369     3.931     3.931
     2.350     0.404     1.750   153.000    12.572     4.011     4.011
     2.350     0.404     1.750   171.000    12.079     4.137     4.137
     2.350     0.404     1.750   189.000    12.079     4.137     4.137
     2.350     0.404     1.750   207.000    12.572     4.011     4.011
     2.350     0.404     1.750   225.000    13.369     3.931     3.931
     2.350     0.404     1.750   243.000    14.166     4.011     4.011
     2.350     0.404     1.750   261.000    14.659     4.137     4.137
     2.350     0.404     1.750   279.000    14.659     4.137     4.137
     2.350     0.404     1.750   297.000    14.166     4.011     4.011
     2.350     0.404     1.750   315.000    13.369     3.931     3.931
     2.350     0.404     1.750   333.000    12.572     4.011     4.011
     2.350     0.404     1.750   351.000    12.079     4.137     4.137
     2.730     0.343     0.350     9.000    18.025     4.478     4.478
     2.730     0.343     0.350    27.000    16.866     3.790     3.790
     2.730     0.343     0.350    45.000    14.992     3.295     3.295
     2.730     0.343     0.350    63.000    13.118     3.790     3.790
     2.730     0.343     0.350    81.000    11.960     4.478     4.478
     2.730     0.343     0.350    99.000    11.960     4.478     4.478
     2.730     0.343     0.350   117.000    13.118     3.790     3.790
     2.730     0.343     0.350   135.000    14.992     3.295     3.295
     2.730     0.343     0.350   153.000    16.866     3.790     3.790
     2.730     0.343     0.350   171.000    18.025     4.478     4.478
     2.730     0.343     0.350   189.000    18.025     4.478     4.478
     2.730     0.343     0.350   207.000    16.866     3.790     3.790
     2.730     0.343     0.350   225.000    14.992     3.295     3.295
     2.730     0.343     0.350   243.000    13.118     3.790     3.790
     2.730     0.343     0.350   261.000    11.960     4.478     4.478
     2.730     0.343     0.350   279.000    11.960     4.478     4.478
     2.730     0.343     0.350   297.000    13.118     3.790     3.790
     2.730     0.343     0.350   315.000    14.993     3.295     3.295
     2.730     0.343     0.350   333.000    16.866     3.790     3.790
     2.730     0.343     0.350   351.000    18.025     4.478     4.478
     2.730     0.343     0.500     9.000    13.828     1.574     1.574
     2.730     0.343     0.500    27.000    13.355     1.237     1.237
     2.730     0.343     0.500    45.000    12.589     0.971     0.971
     2.730     0.343     0.500    63.000    11.823     1.237     1.237
     2.730     0.343     0.500    81.000    11.350     1.574     1.574
     2.730     0.343     0.500    99.000    11.350     1.574     1.574
     2.730     0.343     0.500   117.000    11.823     1.237     1.237
     2.730     0.343     0.500   135.000    12.589     0.971     0.971
     2.730     0.343     0.500   153.000    13.355     1.237     1.237
     2.730     0.343     0.500   171.000    13.828     1.574     1.574
     2.730     0.343     0.500   189.000    13.828     1.574     1.574
     2.730     0.343     0.500   207.000    13.355     1.237     1.237
     2.730     0.343     0.500   225.000    12.589     0.971     0.971
     2.730     0.343     0.500   243.000    11.823     1.237     1.237
     2.730     0.343     0.500   261.000    11.350     1.574     1.574
     2.730     0.343     0.500   279.000    11.350     1.574     1.574
     2.730     0.343     0.500   297.000    11.823     1.237     1.237
     2.730     0.343     0.500   315.000    12.589     0.971     0.971
     2.730     0.343     0.500   333.000    13.355     1.237     1.237
     2.730     0.343     0.500   351.000    13.828     1.574     1.574
     2.730     0.343     0.800     9.000     8.814     0.779     0.779
     2.730     0.343     0.800    27.000     9.028     0.642     0.642
     2.730     0.343     0.800    45.000     9.374     0.541     0.541
     2.730     0.343     0.800    63.000     9.721     0.642     0.642
     2.730     0.343     0.800    81.000     9.935     0.779     0.779
     2.730     0.343     0.800    99.000     9.935     0.779     0.779
     2.730     0.343     0.800   117.000     9.721     0.642     0.642
     2.730     0.343     0.800   135.000     9.374     0.541     0.541
     2.730     0.343     0.800   153.000     9.028     0.642     0.642
     2.730     0.343     0.800   171.000     8.814     0.779     0.779
     2.730     0.343     0.800   189.000     8.814     0.779     0.779
     2.730     0.343     0.800   207.000     9.028     0.642     0.642
     2.730     0.343     0.800   225.000     9.374     0.541     0.541
     2.730     0.343     0.800   243.000     9.721     0.642     0.642
     2.730     0.343     0.800   261.000     9.935     0.779     0.779
     2.730     0.343     0.800   279.000     9.935     0.779     0.779
     2.730     0.343     0.800   297.000     9.721     0.642     0.642
     2.730     0.343     0.800   315.000     9.374     0.541     0.541
     2.730     0.343     0.800   333.000     9.028     0.642     0.642
     2.730     0.343     0.800   351.000     8.814     0.779     0.779
     2.730     0.343     1.250     9.000     4.275     0.472     0.472
     2.730     0.343     1.250    27.000     4.381     0.419     0.419
     2.730     0.343     1.250    45.000     4.552     0.382     0.382
     2.730     0.343     1.250    63.000     4.723     0.419     0.419
     2.730     0.343     1.250    81.000     4.829     0.472     0.472
     2.730     0.343     1.250    99.000     4.829     0.472     0.472
     2.730     0.343     1.250   117.000     4.723     0.419     0.419
     2.730     0.343     1.250   135.000     4.552     0.382     0.382
     2.730     0.343     1.250   153.000     4.381     0.419     0.419
     2.730     0.343     1.250   171.000     4.275     0.472     0.472
     2.730     0.343     1.250   189.000     4.275     0.472     0.472
     2.730     0.343     1.250   207.000     4.381     0.419     0.419
     2.730     0.343     1.250   225.000     4.552     0.382     0.382
     2.730     0.343     1.250   243.000     4.723     0.419     0.419
     2.730     0.343     1.250   261.000     4.829     0.472     0.472
     2.730     0.343     1.250   279.000     4.829     0.472     0.472
     2.730     0.343     1.250   297.000     4.723     0.419     0.419
     2.730     0.343     1.250   315.000     4.552     0.382     0.382
     2.730     0.343     1.250   333.000     4.381     0.419     0.419
     2.730     0.343     1.250   351.000     4.275     0.472     0.472
     2.730     0.343     1.750     9.000     3.141     0.387     0.387
     2.730     0.343     1.750    27.000     3.078     0.365     0.365
     2.730     0.343     1.750    45.000     2.976     0.350     0.350
     2.730     0.343     1.750    63.000     2.874     0.365     0.365
     2.730     0.343     1.750    81.000     2.811     0.387     0.387
     2.730     0.343     1.750    99.000     2.811     0.387     0.387
     2.730     0.343     1.750   117.000     2.874     0.365     0.365
     2.730     0.343     1.750   135.000     2.976     0.350     0.350
     2.730     0.343     1.750   153.000     3.078     0.365     0.365
     2.730     0.343     1.750   171.000     3.141     0.387     0.387
     2.730     0.343     1.750   189.000     3.141     0.387     0.387
     2.730     0.343     1.750   207.000     3.078     0.365     0.365
     2.730     0.343     1.750   225.000     2.976     0.350     0.350
     2.730     0.343     1.750   243.000     2.874     0.365     0.365
     2.730     0.343     1.750   261.000     2.811     0.387     0.387
     2.730     0.343     1.750   279.000     2.811     0.387     0.387
     2.730     0.343     1.750   297.000     2.874     0.365     0.365
     2.730     0.343     1.750   315.000     2.976     0.350     0.350
     2.730     0.343     1.750   333.000     3.078     0.365     0.365
     2.730     0.343     1.750   351.000     3.141     0.387     0.387
     2.770     0.424     0.500     9.000    28.706     4.160     4.160
     2.770     0.424     0.500    27.000    27.735     3.650     3.650
     2.770     0.424     0.500    45.000    26.165     3.295     3.295
     2.770     0.424     0.500    63.000    24.595     3.650     3.650
     2.770     0.424     0.500    81.000    23.625     4.160     4.160
     2.770     0.424     0.500    99.000    23.625     4.160     4.160
     2.770     0.424     0.500   117.000    24.595     3.650     3.650
     2.770     0.424     0.500   135.000    26.165     3.295     3.295
     2.770     0.424     0.500   153.000    27.735     3.650     3.650
     2.770     0.424     0.500   171.000    28.706     4.160     4.160
     2.770     0.424     0.500   189.000    28.706     4.160     4.160
     2.770     0.424     0.500   207.000    27.735     3.650     3.650
     2.770     0.424     0.500   225.000    26.165     3.295     3.295
     2.770     0.424     0.500   243.000    24.595     3.650     3.650
     2.770     0.424     0.500   261.000    23.625     4.160     4.160
     2.770     0.424     0.500   279.000    23.625     4.160     4.160
     2.770     0.424     0.500   297.000    24.595     3.650     3.650
     2.770     0.424     0.500   315.000    26.165     3.295     3.295
     2.770     0.424     0.500   333.000    27.735     3.650     3.650
     2.770     0.424     0.500   351.000    28.706     4.160     4.160
     2.770     0.424     0.800     9.000    14.434     2.016     2.016
     2.770     0.424     0.800    27.000    15.055     1.560     1.560
     2.770     0.424     0.800    45.000    16.059     1.194     1.194
     2.770     0.424     0.800    63.000    17.063     1.560     1.560
     2.770     0.424     0.800    81.000    17.683     2.016     2.016
     2.770     0.424     0.800    99.000    17.683     2.016     2.016
     2.770     0.424     0.800   117.000    17.063     1.560     1.560
     2.770     0.424     0.800   135.000    16.059     1.194     1.194
     2.770     0.424     0.800   153.000    15.055     1.560     1.560
     2.770     0.424     0.800   171.000    14.434     2.016     2.016
     2.770     0.424     0.800   189.000    14.434     2.016     2.016
     2.770     0.424     0.800   207.000    15.055     1.560     1.560
     2.770     0.424     0.800   225.000    16.059     1.194     1.194
     2.770     0.424     0.800   243.000    17.063     1.560     1.560
     2.770     0.424     0.800   261.000    17.683     2.016     2.016
     2.770     0.424     0.800   279.000    17.683     2.016     2.016
     2.770     0.424     0.800   297.000    17.063     1.560     1.560
     2.770     0.424     0.800   315.000    16.059     1.194     1.194
     2.770     0.424     0.800   333.000    15.055     1.560     1.560
     2.770     0.424     0.800   351.000    14.434     2.016     2.016
     2.770     0.424     1.250     9.000     7.976     2.947     2.947
     2.770     0.424     1.250    27.000     9.051     1.947     1.947
     2.770     0.424     1.250    45.000    10.791     0.875     0.875
     2.770     0.424     1.250    63.000    12.530     1.947     1.947
     2.770     0.424     1.250    81.000    13.605     2.947     2.947
     2.770     0.424     1.250    99.000    13.605     2.947     2.947
     2.770     0.424     1.250   117.000    12.530     1.947     1.947
     2.770     0.424     1.250   135.000    10.791     0.875     0.875
     2.770     0.424     1.250   153.000     9.051     1.947     1.947
     2.770     0.424     1.250   171.000     7.976     2.947     2.947
     2.770     0.424     1.250   189.000     7.976     2.947     2.947
     2.770     0.424     1.250   207.000     9.051     1.947     1.947
     2.770     0.424     1.250   225.000    10.791     0.875     0.875
     2.770     0.424     1.250   243.000    12.530     1.947     1.947
     2.770     0.424     1.250   261.000    13.605     2.947     2.947
     2.770     0.424     1.250   279.000    13.605     2.947     2.947
     2.770     0.424     1.250   297.000    12.530     1.947     1.947
     2.770     0.424     1.250   315.000    10.791     0.875     0.875
     2.770     0.424     1.250   333.000     9.051     1.947     1.947
     2.770     0.424     1.250   351.000     7.976     2.947     2.947
     2.770     0.424     1.750     9.000     8.079     1.327     1.327
     2.770     0.424     1.750    27.000     7.747     1.137     1.137
     2.770     0.424     1.750    45.000     7.210     1.003     1.003
     2.770     0.424     1.750    63.000     6.673     1.137     1.137
     2.770     0.424     1.750    81.000     6.341     1.327     1.327
     2.770     0.424     1.750    99.000     6.341     1.327     1.327
     2.770     0.424     1.750   117.000     6.673     1.137     1.137
     2.770     0.424     1.750   135.000     7.210     1.003     1.003
     2.770     0.424     1.750   153.000     7.747     1.137     1.137
     2.770     0.424     1.750   171.000     8.079     1.327     1.327
     2.770     0.424     1.750   189.000     8.079     1.327     1.327
     2.770     0.424     1.750   207.000     7.747     1.137     1.137
     2.770     0.424     1.750   225.000     7.210     1.003     1.003
     2.770     0.424     1.750   243.000     6.673     1.137     1.137
     2.770     0.424     1.750   261.000     6.341     1.327     1.327
     2.770     0.424     1.750   279.000     6.341     1.327     1.327
     2.770     0.424     1.750   297.000     6.673     1.137     1.137
     2.770     0.424     1.750   315.000     7.210     1.003     1.003
     2.770     0.424     1.750   333.000     7.747     1.137     1.137
     2.770     0.424     1.750   351.000     8.079     1.327     1.327
     3.250     0.430     0.500     9.000    18.795     3.638     3.638
     3.250     0.430     0.500    27.000    18.205     3.430     3.430
     3.250     0.430     0.500    45.000    17.252     3.295     3.295
     3.250     0.430     0.500    63.000    16.299     3.430     3.430
     3.250     0.430     0.500    81.000    15.710     3.638     3.638
     3.250     0.430     0.500    99.000    15.710     3.638     3.638
     3.250     0.430     0.500   117.000    16.299     3.430     3.430
     3.250     0.430     0.500   135.000    17.252     3.295     3.295
     3.250     0.430     0.500   153.000    18.205     3.430     3.430
     3.250     0.430     0.500   171.000    18.795     3.638     3.638
     3.250     0.430     0.500   189.000    18.795     3.638     3.638
     3.250     0.430     0.500   207.000    18.205     3.430     3.430
     3.250     0.430     0.500   225.000    17.252     3.295     3.295
     3.250     0.430     0.500   243.000    16.299     3.430     3.430
     3.250     0.430     0.500   261.000    15.710     3.638     3.638
     3.250     0.430     0.500   279.000    15.710     3.638     3.638
     3.250     0.430     0.500   297.000    16.299     3.430     3.430
     3.250     0.430     0.500   315.000    17.253     3.295     3.295
     3.250     0.430     0.500   333.000    18.205     3.430     3.430
     3.250     0.430     0.500   351.000    18.795     3.638     3.638
     3.250     0.431     0.800     9.000     8.188     1.908     1.908
     3.250     0.431     0.800    27.000     8.842     1.353     1.353
     3.250     0.431     0.800    45.000     9.899     0.844     0.844
     3.250     0.431     0.800    63.000    10.957     1.353     1.353
     3.250     0.431     0.800    81.000    11.611     1.908     1.908
     3.250     0.431     0.800    99.000    11.611     1.908     1.908
     3.250     0.431     0.800   117.000    10.957     1.353     1.353
     3.250     0.431     0.800   135.000     9.899     0.844     0.844
     3.250     0.431     0.800   153.000     8.842     1.353     1.353
     3.250     0.431     0.800   171.000     8.188     1.908     1.908
     3.250     0.431     0.800   189.000     8.188     1.908     1.908
     3.250     0.431     0.800   207.000     8.842     1.353     1.353
     3.250     0.431     0.800   225.000     9.899     0.844     0.844
     3.250     0.431     0.800   243.000    10.957     1.353     1.353
     3.250     0.431     0.800   261.000    11.611     1.908     1.908
     3.250     0.431     0.800   279.000    11.611     1.908     1.908
     3.250     0.431     0.800   297.000    10.957     1.353     1.353
     3.250     0.431     0.800   315.000     9.899     0.844     0.844
     3.250     0.431     0.800   333.000     8.842     1.353     1.353
     3.250     0.431     0.800   351.000     8.188     1.908     1.908
     3.250     0.431     1.250     9.000     7.452     0.670     0.670
     3.250     0.431     1.250    27.000     7.469     0.669     0.669
     3.250     0.431     1.250    45.000     7.496     0.668     0.668
     3.250     0.431     1.250    63.000     7.523     0.669     0.669
     3.250     0.431     1.250    81.000     7.540     0.670     0.670
     3.250     0.431     1.250    99.000     7.540     0.670     0.670
     3.250     0.431     1.250   117.000     7.523     0.669     0.669
     3.250     0.431     1.250   135.000     7.496     0.668     0.668
     3.250     0.431     1.250   153.000     7.469     0.669     0.669
     3.250     0.431     1.250   171.000     7.452     0.670     0.670
     3.250     0.431     1.250   189.000     7.452     0.670     0.670
     3.250     0.431     1.250   207.000     7.469     0.669     0.669
     3.250     0.431     1.250   225.000     7.496     0.668     0.668
     3.250     0.431     1.250   243.000     7.523     0.669     0.669
     3.250     0.431     1.250   261.000     7.540     0.670     0.670
     3.250     0.431     1.250   279.000     7.540     0.670     0.670
     3.250     0.431     1.250   297.000     7.523     0.669     0.669
     3.250     0.431     1.250   315.000     7.496     0.668     0.668
     3.250     0.431     1.250   333.000     7.469     0.669     0.669
     3.250     0.431     1.250   351.000     7.452     0.670     0.670
     3.250     0.431     1.750     9.000     5.333     0.907     0.907
     3.250     0.431     1.750    27.000     5.156     0.831     0.831
     3.250     0.431     1.750    45.000     4.870     0.780     0.780
     3.250     0.431     1.750    63.000     4.584     0.831     0.831
     3.250     0.431     1.750    81.000     4.407     0.907     0.907
     3.250     0.431     1.750    99.000     4.407     0.907     0.907
     3.250     0.431     1.750   117.000     4.584     0.831     0.831
     3.250     0.431     1.750   135.000     4.870     0.780     0.780
     3.250     0.431     1.750   153.000     5.156     0.831     0.831
     3.250     0.431     1.750   171.000     5.333     0.907     0.907
     3.250     0.431     1.750   189.000     5.333     0.907     0.907
     3.250     0.431     1.750   207.000     5.156     0.831     0.831
     3.250     0.431     1.750   225.000     4.870     0.780     0.780
     3.250     0.431     1.750   243.000     4.584     0.831     0.831
     3.250     0.431     1.750   261.000     4.407     0.907     0.907
     3.250     0.431     1.750   279.000     4.407     0.907     0.907
     3.250     0.431     1.750   297.000     4.584     0.831     0.831
     3.250     0.431     1.750   315.000     4.870     0.780     0.780
     3.250     0.431     1.750   333.000     5.156     0.831     0.831
     3.250     0.431     1.750   351.000     5.333     0.907     0.907
     3.300     0.497     1.750     9.000    22.049     6.313     6.313
     3.300     0.497     1.750    27.000    21.445     6.189     6.189
     3.300     0.497     1.750    45.000    20.467     6.112     6.112
     3.300     0.497     1.750    63.000    19.490     6.189     6.189
     3.300     0.497     1.750    81.000    18.886     6.313     6.313
     3.300     0.497     1.750    99.000    18.886     6.313     6.313
     3.300     0.497     1.750   117.000    19.490     6.189     6.189
     3.300     0.497     1.750   135.000    20.467     6.112     6.112
     3.300     0.497     1.750   153.000    21.445     6.189     6.189
     3.300     0.497     1.750   171.000    22.049     6.313     6.313
     3.300     0.497     1.750   189.000    22.049     6.313     6.313
     3.300     0.497     1.750   207.000    21.445     6.189     6.189
     3.300     0.497     1.750   225.000    20.467     6.112     6.112
     3.300     0.497     1.750   243.000    19.490     6.189     6.189
     3.300     0.497     1.750   261.000    18.886     6.313     6.313
     3.300     0.497     1.750   279.000    18.886     6.313     6.313
     3.300     0.497     1.750   297.000    19.490     6.189     6.189
     3.300     0.497     1.750   315.000    20.467     6.112     6.112
     3.300     0.497     1.750   333.000    21.445     6.189     6.189
     3.300     0.497     1.750   351.000    22.049     6.313     6.313
     3.690     0.451     0.800     9.000    11.239     1.905     1.905
     3.690     0.451     0.800    27.000    11.086     1.879     1.879
     3.690     0.451     0.800    45.000    10.839     1.862     1.862
     3.690     0.451     0.800    63.000    10.591     1.879     1.879
     3.690     0.451     0.800    81.000    10.438     1.905     1.905
     3.690     0.451     0.800    99.000    10.438     1.905     1.905
     3.690     0.451     0.800   117.000    10.591     1.879     1.879
     3.690     0.451     0.800   135.000    10.839     1.862     1.862
     3.690     0.451     0.800   153.000    11.086     1.879     1.879
     3.690     0.451     0.800   171.000    11.239     1.905     1.905
     3.690     0.451     0.800   189.000    11.239     1.905     1.905
     3.690     0.451     0.800   207.000    11.086     1.879     1.879
     3.690     0.451     0.800   225.000    10.839     1.862     1.862
     3.690     0.451     0.800   243.000    10.591     1.879     1.879
     3.690     0.451     0.800   261.000    10.438     1.905     1.905
     3.690     0.451     0.800   279.000    10.438     1.905     1.905
     3.690     0.451     0.800   297.000    10.591     1.879     1.879
     3.690     0.451     0.800   315.000    10.839     1.862     1.862
     3.690     0.451     0.800   333.000    11.086     1.879     1.879
     3.690     0.451     0.800   351.000    11.239     1.905     1.905
     3.770     0.513     0.800     9.000     8.420     7.465     7.465
     3.770     0.513     0.800    27.000     9.544     7.097     7.097
     3.770     0.513     0.800    45.000    11.364     6.860     6.860
     3.770     0.513     0.800    63.000    13.183     7.097     7.097
     3.770     0.513     0.800    81.000    14.308     7.465     7.465
     3.770     0.513     0.800    99.000    14.308     7.465     7.465
     3.770     0.513     0.800   117.000    13.183     7.097     7.097
     3.770     0.513     0.800   135.000    11.364     6.860     6.860
     3.770     0.513     0.800   153.000     9.544     7.097     7.097
     3.770     0.513     0.800   171.000     8.420     7.465     7.465
     3.770     0.513     0.800   189.000     8.420     7.465     7.465
     3.770     0.513     0.800   207.000     9.544     7.097     7.097
     3.770     0.513     0.800   225.000    11.364     6.860     6.860
     3.770     0.513     0.800   243.000    13.183     7.097     7.097
     3.770     0.513     0.800   261.000    14.308     7.465     7.465
     3.770     0.513     0.800   279.000    14.308     7.465     7.465
     3.770     0.513     0.800   297.000    13.183     7.097     7.097
     3.770     0.513     0.800   315.000    11.364     6.860     6.860
     3.770     0.513     0.800   333.000     9.544     7.097     7.097
     3.770     0.513     0.800   351.000     8.420     7.465     7.465
     3.770     0.514     1.250     9.000     6.738     3.204     3.204
     3.770     0.514     1.250    27.000     7.599     2.669     2.669
     3.770     0.514     1.250    45.000     8.992     2.276     2.276
     3.770     0.514     1.250    63.000    10.386     2.669     2.669
     3.770     0.514     1.250    81.000    11.247     3.204     3.204
     3.770     0.514     1.250    99.000    11.247     3.204     3.204
     3.770     0.514     1.250   117.000    10.386     2.669     2.669
     3.770     0.514     1.250   135.000     8.992     2.276     2.276
     3.770     0.514     1.250   153.000     7.599     2.669     2.669
     3.770     0.514     1.250   171.000     6.738     3.204     3.204
     3.770     0.514     1.250   189.000     6.738     3.204     3.204
     3.770     0.514     1.250   207.000     7.599     2.669     2.669
     3.770     0.514     1.250   225.000     8.992     2.276     2.276
     3.770     0.514     1.250   243.000    10.386     2.669     2.669
     3.770     0.514     1.250   261.000    11.247     3.204     3.204
     3.770     0.514     1.250   279.000    11.247     3.204     3.204
     3.770     0.514     1.250   297.000    10.386     2.669     2.669
     3.770     0.514     1.250   315.000     8.992     2.276     2.276
     3.770     0.514     1.250   333.000     7.599     2.669     2.669
     3.770     0.514     1.250   351.000     6.738     3.204     3.204
     3.770     0.513     1.750     9.000     7.783     3.097     3.097
     3.770     0.513     1.750    27.000     8.288     2.918     2.918
     3.770     0.513     1.750    45.000     9.104     2.801     2.801
     3.770     0.513     1.750    63.000     9.920     2.918     2.918
     3.770     0.513     1.750    81.000    10.424     3.097     3.097
     3.770     0.513     1.750    99.000    10.424     3.097     3.097
     3.770     0.513     1.750   117.000     9.920     2.918     2.918
     3.770     0.513     1.750   135.000     9.104     2.801     2.801
     3.770     0.513     1.750   153.000     8.288     2.918     2.918
     3.770     0.513     1.750   171.000     7.783     3.097     3.097
     3.770     0.513     1.750   189.000     7.783     3.097     3.097
     3.770     0.513     1.750   207.000     8.288     2.918     2.918
     3.770     0.513     1.750   225.000     9.104     2.801     2.801
     3.770     0.513     1.750   243.000     9.920     2.918     2.918
     3.770     0.513     1.750   261.000    10.424     3.097     3.097
     3.770     0.513     1.750   279.000    10.424     3.097     3.097
     3.770     0.513     1.750   297.000     9.920     2.918     2.918
     3.770     0.513     1.750   315.000     9.104     2.801     2.801
     3.770     0.513     1.750   333.000     8.288     2.918     2.918
     3.770     0.513     1.750   351.000     7.783     3.097     3.097
     4.240     0.540     1.250     9.000    19.126     5.719     5.719
     4.240     0.540     1.250    27.000    17.942     5.174     5.174
     4.240     0.540     1.250    45.000    16.027     4.806     4.806
     4.240     0.540     1.250    63.000    14.112     5.174     5.174
     4.240     0.540     1.250    81.000    12.928     5.719     5.719
     4.240     0.540     1.250    99.000    12.928     5.719     5.719
     4.240     0.540     1.250   117.000    14.112     5.174     5.174
     4.240     0.540     1.250   135.000    16.027     4.806     4.806
     4.240     0.540     1.250   153.000    17.942     5.174     5.174
     4.240     0.540     1.250   171.000    19.126     5.719     5.719
     4.240     0.540     1.250   189.000    19.126     5.719     5.719
     4.240     0.540     1.250   207.000    17.942     5.174     5.174
     4.240     0.540     1.250   225.000    16.027     4.806     4.806
     4.240     0.540     1.250   243.000    14.112     5.174     5.174
     4.240     0.540     1.250   261.000    12.928     5.719     5.719
     4.240     0.540     1.250   279.000    12.928     5.719     5.719
     4.240     0.540     1.250   297.000    14.111     5.174     5.174
     4.240     0.540     1.250   315.000    16.027     4.806     4.806
     4.240     0.540     1.250   333.000    17.942     5.174     5.174
     4.240     0.540     1.250   351.000    19.126     5.719     5.719
